6.182025800736559177e+03
6.163510243291279949e+03
6.371141684256618646e+03
6.230689336375417952e+03
6.144433714980944387e+03
5.805975306365820870e+03
6.123860082175004209e+03
6.073503983086799963e+03
6.061590119960169432e+03
6.005155554800166101e+03
6.029836753189222691e+03
6.055618514121712906e+03
6.058761675392342113e+03
6.163984407036632547e+03
6.156893520247270317e+03
6.010414331048807981e+03
6.014820262680822452e+03
6.159298923645987998e+03
6.199946615842453866e+03
6.116465856765766148e+03
