6.097554471916287184e+03
6.170528056480008672e+03
6.272162766128571093e+03
6.144025648878538050e+03
6.123867899151608071e+03
5.218321853956324958e+03
6.151037381470398032e+03
6.148875871548457326e+03
5.953164848922602687e+03
5.845218637304971708e+03
6.191192025624344751e+03
6.274994398341131273e+03
6.210400416601379220e+03
6.296185427817163145e+03
6.132697372463479041e+03
6.339916570652438168e+03
5.992696099728352237e+03
6.469799591391446484e+03
5.872426020542160586e+03
6.267721278020287173e+03
