6.049658755197819119e+03
5.999348541442537680e+03
5.820738563356980194e+03
5.893043658314446475e+03
6.021452508932801720e+03
5.975634517342287836e+03
6.035713106916102333e+03
5.966526657840029657e+03
6.071570572210502178e+03
5.815013624541691570e+03
5.962719799446557772e+03
5.879899290673582072e+03
5.852023852355642703e+03
5.983562040738500400e+03
5.708474600936643583e+03
6.093629956342945661e+03
5.793362536572559293e+03
6.020972801960840115e+03
6.011312019290167882e+03
5.976437995958226566e+03
