5.832731282115480099e+03
5.645727031744698252e+03
5.841160343323304915e+03
5.704812180424643884e+03
5.673454108104240731e+03
5.676473152730701258e+03
5.521116547389994594e+03
5.594233520475754631e+03
5.741253414175358557e+03
5.750969441612962328e+03
5.707397133720892271e+03
5.707115607853369511e+03
5.626313782626723878e+03
5.827175655612099945e+03
5.580708970819689057e+03
5.884631948242707949e+03
5.546210608930869057e+03
5.884710552864360579e+03
5.621896412813675852e+03
5.478102197497657471e+03
