6.661750884874174517e+03
6.579368331708358710e+03
6.594267822115506533e+03
6.446049468872515718e+03
6.485449274072148910e+03
6.471733109383772899e+03
6.566921503939565810e+03
6.462114425436909187e+03
6.584926534361219638e+03
6.508728803537363092e+03
6.575310351641441230e+03
6.648636182247082616e+03
6.528302771142632082e+03
6.567023378946704725e+03
6.625329913124949599e+03
6.478875892814579856e+03
6.514294656790430963e+03
6.487816100749932957e+03
6.624219687705780416e+03
6.448619321984172529e+03
