5.623309784999401018e+03
5.631495510569686303e+03
5.849399437055207272e+03
5.746500191924549654e+03
5.874025351613532621e+03
5.852442400783829726e+03
5.814746946346350342e+03
5.986215285883266915e+03
5.759923599170901070e+03
5.801646821377904416e+03
6.045527459545193778e+03
5.884794345905298542e+03
5.851960374544764818e+03
5.776574801540116823e+03
5.682758279496727482e+03
5.782763285361545059e+03
5.632810039829112611e+03
5.917610976943215974e+03
5.815399904704250730e+03
5.748659945123137732e+03
