6.173391627916131256e+03
6.245956789901809316e+03
6.099619335991425032e+03
6.027407843117980519e+03
6.167010149888112210e+03
5.960827726166958200e+03
6.327823214666612330e+03
6.131535483342258885e+03
5.978559044996132798e+03
5.975958983506598088e+03
6.075028145026170932e+03
6.064067925015675428e+03
6.169038148561947310e+03
6.068028394772798492e+03
6.075405036996626222e+03
6.200572490382589422e+03
6.048104140832147095e+03
5.937747337320703082e+03
6.218382173428384704e+03
6.048182290447280138e+03
