5.447474943960594828e+03
5.033789677135642705e+03
5.215740600464444469e+03
5.193290343961496546e+03
5.391614775580876994e+03
4.198693294130191134e+03
5.010760874185797547e+03
5.317807052688482145e+03
5.434351808988485573e+03
5.280295303182530006e+03
5.148820519061363484e+03
5.017953888230757002e+03
5.096335694466837595e+03
5.205289196231662572e+03
5.290461902835433648e+03
5.508134825863088736e+03
4.139030913854855498e+03
4.945802034134947462e+03
4.986356628319664196e+03
5.277730925515854324e+03
