6.775628938264563658e+03
6.548317666732209545e+03
6.629268420429779326e+03
6.714294312572032140e+03
6.620467514294132343e+03
6.558209897840341000e+03
6.563019406860852541e+03
6.482856894269932127e+03
6.583526637813763045e+03
6.695386303072677947e+03
6.653553708155260210e+03
6.560387483811912716e+03
6.617830492536615566e+03
6.496852140500457608e+03
6.583278137854496890e+03
6.791447802435508493e+03
6.824743209868863232e+03
6.787795529680898653e+03
6.693586792467725900e+03
6.426471411986544808e+03
