1.804653597560747585e+03
1.237961157199706804e+03
1.800349650099530209e+03
1.905307670744755114e+03
2.284963995610104121e+03
1.177551350098831790e+03
1.060142941901571021e+03
1.147837837768630607e+03
1.728091155312637056e+03
1.652101724695373377e+03
3.153096735582206293e+03
2.017131437261785550e+03
2.314299466756177026e+03
3.126981440625906998e+03
1.421713197503220044e+03
1.238093140818784150e+03
1.236682283865249019e+03
1.442108871634570960e+03
2.326242775813137541e+03
1.214847750239873903e+03
