1.193254845979213997e+03
2.790709535744264940e+03
2.917081941394873866e+03
1.356338453986804552e+03
2.684386758033035221e+03
2.799493990816558835e+03
2.875193022619047042e+03
2.859146335556638405e+03
2.895380803858054151e+03
1.870461308487209408e+03
2.790224536544477814e+03
2.608137983285612790e+03
2.808426796446224216e+03
1.619129334093679518e+03
2.795203852391955479e+03
2.945955743674187033e+03
1.516130047476524169e+03
2.740602133822972519e+03
1.207303620338538622e+03
2.894372609200372608e+03
