1.100191815039902394e+03
1.320710591349301012e+03
1.278564247389386765e+03
1.414334505197576391e+03
5.865148450104001085e+02
7.941829199556242429e+02
1.351736014638134293e+03
1.072209377258988980e+03
1.192857202975406153e+03
1.025087951072054693e+03
8.951104115589211005e+02
6.621711214151855529e+02
6.775240377283895441e+02
8.488526365573503654e+02
9.984535729626062448e+02
8.951330515836478980e+02
1.507569232861851788e+03
4.567423087239168353e+02
4.583191474294551426e+02
8.703825601833095789e+02
