7.713759484970824815e+03
7.436774066834083897e+03
7.970924145223037158e+03
7.924332696961746478e+03
7.791518807374556673e+03
7.605826073542234553e+03
7.910364500707860316e+03
7.585312932307654592e+03
7.205170774672498737e+03
7.334382764547704937e+03
7.758475733056492572e+03
7.676058596245596163e+03
7.706987341336658574e+03
7.712599919418866193e+03
7.789506293841091065e+03
7.943620678631032206e+03
7.080601779839913434e+03
7.718575456445195414e+03
7.862718750150992491e+03
7.992347625028287439e+03
