5.697992473006116597e+03
5.690202129657035584e+03
5.578772078899429289e+03
5.794676615502119603e+03
5.764901503947923629e+03
5.676221249463256754e+03
5.858818468903180474e+03
5.763300902230424981e+03
5.786510958903416395e+03
5.625249478696910046e+03
5.672731676290007272e+03
5.729530763938493692e+03
5.716891264089581455e+03
5.702279699642464948e+03
5.686508008898442313e+03
5.717088690337125627e+03
5.960330256251094397e+03
5.622941850819154752e+03
5.604862510711830510e+03
5.545479292358199928e+03
