5.544748268544385610e+03
5.309634456567955567e+03
5.250173786728148116e+03
5.536958103831271728e+03
5.404980398142140984e+03
5.443819081496284525e+03
1.089201687547282972e+03
5.707371082774621755e+03
5.337412235394653180e+03
5.377251661312659053e+03
5.750863951011882818e+03
5.493204893363082192e+03
5.747835545271803312e+03
5.515130229312965639e+03
5.601788803807696240e+03
5.189727132094207263e+03
5.565401028141206552e+03
5.725888635138808240e+03
5.305073945009333329e+03
5.577569928165337842e+03
