4.215882551888218586e+03
4.368444576908974341e+03
4.070098868345881783e+03
4.044227647878737116e+03
4.169819050278716531e+03
4.200152752292674450e+03
4.377879214578457322e+03
4.361847863893421163e+03
4.117231373190431441e+03
4.274474877568659394e+03
4.233518398794918539e+03
4.258881369592409101e+03
4.237080767517067216e+03
4.204337693024022883e+03
4.163559902371304815e+03
4.233086429527917062e+03
4.218769210872215808e+03
4.004186070800625657e+03
4.045409069981290941e+03
4.147720055894246798e+03
