2.913611985328209812e+03
2.882663210909789541e+03
2.930199018019651703e+03
2.925756397107682460e+03
2.880594611642832206e+03
1.724528280852588978e+03
2.863868354119708329e+03
2.841695011102759963e+03
2.905438940650226868e+03
2.880956679367098332e+03
2.938714234977075193e+03
2.420087086915552845e+03
2.868109596131124363e+03
2.880270326121945345e+03
2.929370657641593425e+03
2.923859607700833749e+03
2.850197331365577156e+03
2.899332081049012231e+03
2.880845255419056684e+03
2.885579317223587168e+03
