3.093763790045204132e+03
3.082042073360136783e+03
3.101571218216584839e+03
3.098720619533443823e+03
3.090634362702645376e+03
3.107334880991513728e+03
3.088426922491182268e+03
3.100967778500698842e+03
3.107233696485228847e+03
3.103727492256690766e+03
3.116652307166437367e+03
3.101416355489313446e+03
3.113751826301544952e+03
3.125421219270881920e+03
3.107717220390887178e+03
3.116482008005523767e+03
3.082301986140344525e+03
3.101754656827543840e+03
3.093388976606882352e+03
3.104843570405618266e+03
