7.250925555236501168e+03
7.032766660775329001e+03
7.085097122832722562e+03
7.106429385423141866e+03
7.364315555538443732e+03
6.758350618600697089e+03
6.980757863489960982e+03
7.053683886946751954e+03
7.257487467516085417e+03
6.841458908742361018e+03
3.440350550869653034e+03
7.080783187396904395e+03
7.406566069010284991e+03
7.115337687896181706e+03
7.305267361372470077e+03
7.117762870359976660e+03
6.992528000635020362e+03
6.988204892447529346e+03
7.346329148844917654e+03
5.109931029780687822e+03
