7.285480517539572247e+03
6.916397390532113604e+03
7.369479946068302525e+03
7.543719238426508127e+03
6.979008731456005080e+03
7.279112982466257563e+03
7.261733417477697003e+03
7.355316971850033042e+03
7.353429460283654407e+03
7.175189940648651827e+03
7.260644325917292917e+03
7.039678491522326112e+03
6.921590128585879938e+03
7.219112345347407427e+03
7.270107945605494933e+03
6.980771794626412884e+03
7.272362216847937816e+03
7.117526690906350268e+03
7.221359985166867773e+03
7.194105329727218304e+03
