6.347821547447033481e+03
6.607283279848128586e+03
6.766138124126310686e+03
6.609317724989886301e+03
6.555371055104707011e+03
6.437917310915360758e+03
6.625302637847345068e+03
6.517074844367620244e+03
6.634247523844650459e+03
6.430930069751678275e+03
6.432298193440376053e+03
6.417747496124677127e+03
6.578908157604798362e+03
6.549297840364662079e+03
6.417510832874624612e+03
6.372462435189855569e+03
6.281523398157878546e+03
6.457812528106546779e+03
6.492860177545886472e+03
6.602877034602129243e+03
