6.263814518595570917e+03
6.095479641177549638e+03
6.242011978690149590e+03
6.376752383461842328e+03
6.328423661561246263e+03
3.321227980336347628e+03
6.493446205485831342e+03
6.220678656857844544e+03
6.610079342463100147e+03
6.412854436414522752e+03
1.529734652750105397e+03
6.294888004247309254e+03
6.424119034727184044e+03
8.143935282158935252e+02
6.215066597390443349e+03
6.294935582650314245e+03
6.240666180740467098e+03
6.196219255815923134e+03
6.163957788688192522e+03
6.353862025252223248e+03
