5.778520796777343094e+03
5.592400224837103451e+03
5.075760002661042563e+03
5.741142391247937667e+03
5.580801260853128042e+03
5.729989894329132767e+03
5.564951068849031799e+03
5.726483934023959591e+03
5.495880521877355022e+03
5.465115386696147652e+03
5.704107513157419817e+03
5.643220194692511541e+03
5.389640593781260577e+03
5.645993729622677165e+03
5.848794445603762142e+03
5.749986156087728887e+03
5.680383524165991730e+03
5.734279093491115418e+03
5.674149196638109061e+03
5.745325549264205620e+03
