6.100398297567167901e+03
6.081320386641988989e+03
6.041758772536230026e+03
6.101638965160137559e+03
6.065873202709658472e+03
6.029333251986734467e+03
6.126644073924269833e+03
5.825406508337538071e+03
6.068767365570092807e+03
6.001391558185550821e+03
5.946341251832461239e+03
6.186252708284353503e+03
6.084216950978598106e+03
6.100261133577262626e+03
6.020471311338301348e+03
5.665023736599662698e+03
5.991059130767981515e+03
5.941266412393611063e+03
5.943550749291913235e+03
6.261476404555653971e+03
