3.336473075275100655e+03
3.350477651614560273e+03
3.359432484947968533e+03
2.653196216929968159e+03
1.184998091441907263e+03
3.360732489259773502e+03
1.814730117450892521e+03
1.588788163479916193e+03
6.208949314151768704e+02
3.312161683562615508e+03
3.353196392575053324e+03
3.411093206295628534e+03
3.334971013379591568e+03
3.296029910400242443e+03
3.390203054055243229e+03
1.840063617134308288e+03
3.373993839502427363e+03
1.769042587741542320e+03
1.209070686190039623e+03
2.279016782272848104e+03
