3.469553009499195014e+03
3.460547333488234472e+03
3.499678683862422986e+03
3.507811532708850791e+03
3.587244546735131280e+03
3.488862490364713722e+03
3.433864075481900727e+03
6.956592759741937471e+02
3.527346385357761847e+03
3.520988617876412718e+03
3.486479514591258521e+03
3.461211526438933561e+03
3.498023545949497930e+03
3.511643792362901877e+03
3.479749710708678776e+03
3.509368916486637318e+03
3.490033826388183570e+03
3.510729208109999036e+03
3.520554137903843184e+03
3.493784198040741103e+03
