3.379252979458439313e+03
1.453644323618174667e+03
2.062933310218922543e+03
1.173307936492367617e+03
1.413822693361785696e+03
2.308389938406371130e+03
2.082183993006930905e+03
1.657680281962835579e+03
3.389672707031615573e+03
1.129218585820801536e+03
2.990716647954501468e+02
3.442306678373755858e+03
2.748339176785070777e+03
1.214866242219869946e+03
1.542987856302914452e+03
1.197779621239223161e+03
1.069487337596943917e+03
2.780828916681762621e+03
1.337842149704403482e+03
2.207252180452857829e+03
