1.083003858579290863e+03
2.345428723197242562e+03
1.421603881117981246e+03
2.591510538749364969e+03
2.437458275706268523e+03
3.401347700497222377e+03
1.205972823180079331e+03
1.482968826394121379e+03
3.175033551563817582e+03
1.796898498738344870e+03
1.393532583078127800e+03
3.402216032345265376e+03
2.071956335931537069e+03
2.363115301084157636e+03
2.339456378124979437e+03
3.083028374068434005e+03
1.635438669796812519e+03
1.382586771580233744e+03
2.223396263149713377e+03
6.417019283914374910e+02
