1.068736132741135634e+03
1.918529982127264475e+03
3.602100230289935098e+03
3.534141978664549242e+03
3.551416240777596158e+03
2.867740955600844700e+03
1.957266848478499924e+03
3.610688083978518989e+03
2.561747937199499574e+03
3.213609545415133653e+03
1.648412360008150927e+03
6.133449211748961716e+02
3.540337490276916014e+03
3.330880555535746680e+03
3.552710027685611749e+03
3.580630939492009475e+03
1.846471590621129280e+03
2.806969106854379788e+03
3.503345494831032283e+03
3.569330820271068660e+03
