6.873773707735506832e+03
6.795548976745324580e+03
6.833627143721321772e+03
6.801150293514117038e+03
6.758406104867875001e+03
6.835456025712619521e+03
6.613619098694137392e+03
5.512098667508632388e+03
7.030688712763757394e+03
6.860237829741408859e+03
7.031770246903374755e+03
6.527043470501630509e+03
6.855918879399972866e+03
6.933709201357443817e+03
6.953857548533478621e+03
6.597760102260404892e+03
6.640592366834493077e+03
6.790471956781522749e+03
6.974386099439958343e+03
6.664385939236402919e+03
