6.657325722463701823e+03
6.767540700129533434e+03
6.687188086143446526e+03
6.882170144793455620e+03
7.008796409013320954e+03
6.767957906766803717e+03
6.845621999650785256e+03
6.819471241444192856e+03
6.953333319899033086e+03
6.566032724703673011e+03
6.546197728443059532e+03
6.683916093737632764e+03
6.601436047898272591e+03
6.311458343575694926e+03
6.790732922639932440e+03
6.654675325450346463e+03
6.714761036948228138e+03
6.878327702951557512e+03
6.560230652433944670e+03
6.758307765489347730e+03
