6.968376505519455350e+03
6.927496531752577539e+03
6.771832386134790795e+03
6.907341604452553838e+03
7.015099416006804859e+03
6.780972937332401671e+03
6.711115833096126153e+03
6.809241679202000341e+03
7.154101536512006533e+03
5.128575757237948892e+03
6.232586796294160195e+03
6.996401042470467473e+03
6.947111771214717919e+03
6.945442083892947267e+03
6.941601385859164111e+03
6.699700755291302812e+03
6.852442681394936699e+03
6.866293801335794342e+03
6.923440109968681099e+03
6.936210795089494241e+03
