1.667389039831942455e+03
3.130653944890536877e+03
3.219949697624456348e+03
3.025010792863713959e+03
2.903795575577377804e+03
2.944093714481608458e+03
3.049616947537390843e+03
2.999633964540556917e+03
1.799700561015461972e+03
3.077665609945132019e+03
3.086745199461493030e+03
3.102113632171365225e+03
3.053700543324390310e+03
3.018513922833204106e+03
8.028069662652828811e+02
3.083496126213777188e+03
3.106741062101000807e+03
3.032155886953179106e+03
3.008451820335947559e+03
2.251714290097229878e+03
