1.226221056832921477e+03
1.278695870799652766e+03
1.290701179161405435e+03
1.203534607766055842e+03
2.161034326619946569e+03
1.265082282676802606e+03
1.207429973284732341e+03
1.194240623544579194e+03
1.314603738283044777e+03
1.141006778662376973e+03
1.246098010914858150e+03
1.203847059102706680e+03
1.217795104386920002e+03
1.372273280123496534e+03
1.205176943454151569e+03
2.075128534782557381e+03
1.266790908399675118e+03
1.302909970205341324e+03
1.289597692627220340e+03
1.268803174959208491e+03
