2.262764253692384500e+03
3.257530833751773571e+03
3.329778236402375569e+03
3.016610989578749468e+03
3.328000810773978628e+03
3.158154372641708505e+03
3.194608543032488342e+03
3.276298936758351829e+03
3.306549096777668183e+03
3.319911043495932972e+03
1.707040275291624084e+03
3.161372147878343640e+03
1.892489618554496019e+03
2.342120915430131845e+03
3.253966926806341689e+03
3.295596333309485999e+03
3.275070330680558072e+03
3.133808221009511271e+03
1.883277165700093974e+03
1.792050446352066501e+03
