6.326873578722088496e+03 1.483869499552242530e+02 1.001000000000000000e+03 0.000000000000000000e+00
6.304688034059470738e+03 1.090614906255869982e+03 1.001000000000000000e+03 0.000000000000000000e+00
5.944829634417557827e+03 9.117174060466483070e+02 1.001000000000000000e+03 0.000000000000000000e+00
5.620639742051867870e+03 8.880734714065440585e+02 1.001000000000000000e+03 0.000000000000000000e+00
5.359926138552308657e+03 1.000925688244415824e+03 1.001000000000000000e+03 0.000000000000000000e+00
4.956107879283313196e+03 6.949684147117862949e+02 1.001000000000000000e+03 0.000000000000000000e+00
4.281448291602670906e+03 7.742899961977072962e+02 1.001000000000000000e+03 0.000000000000000000e+00
3.983933719720329918e+03 1.083915488080211617e+03 1.001000000000000000e+03 0.000000000000000000e+00
3.187508099249031147e+03 6.063904416421344195e+02 1.001000000000000000e+03 0.000000000000000000e+00
3.095066941631329883e+03 5.421666103523929223e+02 1.001000000000000000e+03 0.000000000000000000e+00
2.690923555437194409e+03 4.056359264887705649e+02 1.001000000000000000e+03 0.000000000000000000e+00
2.262942881139674228e+03 5.747104409055149290e+02 1.001000000000000000e+03 0.000000000000000000e+00
5.839022730914140084e+03 1.338429949605291085e+03 1.001000000000000000e+03 0.000000000000000000e+00
6.157725785004337013e+03 9.531944133370235477e+02 1.001000000000000000e+03 0.000000000000000000e+00
5.552949140605493085e+03 1.677087231161750879e+03 1.001000000000000000e+03 0.000000000000000000e+00
5.619642827661042247e+03 1.059316037017421422e+03 1.001000000000000000e+03 0.000000000000000000e+00
5.466698010137655729e+03 5.383115045476819205e+02 1.001000000000000000e+03 0.000000000000000000e+00
5.230833983582351721e+03 8.410298738503367986e+02 1.001000000000000000e+03 0.000000000000000000e+00
4.419972183720886278e+03 8.147448403648122621e+02 1.001000000000000000e+03 0.000000000000000000e+00
4.166747847769589498e+03 6.912739999578066090e+02 1.001000000000000000e+03 0.000000000000000000e+00
3.878175062265226188e+03 7.431882445804159261e+02 1.001000000000000000e+03 0.000000000000000000e+00
3.136317477951939964e+03 8.870186239049618280e+02 1.001000000000000000e+03 0.000000000000000000e+00
2.922986079924999103e+03 6.909978886091246295e+02 1.001000000000000000e+03 0.000000000000000000e+00
6.202926689178780180e+03 1.267031237601208431e+03 1.001000000000000000e+03 0.000000000000000000e+00
6.354701009979313312e+03 4.992298319345779873e+02 1.001000000000000000e+03 0.000000000000000000e+00
6.133985388993294691e+03 8.296602637732629546e+02 1.001000000000000000e+03 0.000000000000000000e+00
6.124096397654212524e+03 6.379720779248557392e+02 1.001000000000000000e+03 0.000000000000000000e+00
5.936801064082532321e+03 4.130522509434110816e+02 1.001000000000000000e+03 0.000000000000000000e+00
5.673382114095971701e+03 4.213542114678373878e+02 1.001000000000000000e+03 0.000000000000000000e+00
5.142716745565385281e+03 1.179846373128359573e+03 1.001000000000000000e+03 0.000000000000000000e+00
4.961930134698538495e+03 5.344817106771985209e+02 1.001000000000000000e+03 0.000000000000000000e+00
4.409326833686840473e+03 6.905680097695671975e+02 1.001000000000000000e+03 0.000000000000000000e+00
3.996106039490810417e+03 7.981552182027277240e+02 1.001000000000000000e+03 0.000000000000000000e+00
3.259909411659114085e+03 5.466925042730853193e+02 1.001000000000000000e+03 0.000000000000000000e+00
5.727975486621131495e+03 1.584291384930320874e+03 1.001000000000000000e+03 0.000000000000000000e+00
6.044045481677294447e+03 1.470327506715417712e+03 1.001000000000000000e+03 0.000000000000000000e+00
6.062384459689022151e+03 1.220820222787114972e+03 1.001000000000000000e+03 0.000000000000000000e+00
6.216986794480660137e+03 3.436980686025929685e+02 1.001000000000000000e+03 0.000000000000000000e+00
6.139147537640683367e+03 2.921496537210240376e+02 1.001000000000000000e+03 0.000000000000000000e+00
5.879453229510565507e+03 2.966222464743945579e+02 1.001000000000000000e+03 0.000000000000000000e+00
5.741573016176653255e+03 3.514245229828563311e+02 1.001000000000000000e+03 0.000000000000000000e+00
5.168448347445317268e+03 5.188685377694304179e+02 1.001000000000000000e+03 0.000000000000000000e+00
4.711770911279710162e+03 8.033184199992723507e+02 1.001000000000000000e+03 0.000000000000000000e+00
4.725407590298742434e+03 5.898874507847375526e+02 1.001000000000000000e+03 0.000000000000000000e+00
4.076462303605158922e+03 6.926474624943767822e+02 1.001000000000000000e+03 0.000000000000000000e+00
6.415058300714249526e+03 7.793626890300628247e+02 1.001000000000000000e+03 0.000000000000000000e+00
5.878838160080924354e+03 1.699325090988056900e+03 1.001000000000000000e+03 0.000000000000000000e+00
6.523252305042334228e+03 1.575622441136861482e+02 1.001000000000000000e+03 0.000000000000000000e+00
6.010421822048005197e+03 1.342893047413167096e+03 1.001000000000000000e+03 0.000000000000000000e+00
6.192576200042801247e+03 1.989046782176298223e+02 1.001000000000000000e+03 0.000000000000000000e+00
6.018725211204117841e+03 3.599825200405400096e+02 1.001000000000000000e+03 0.000000000000000000e+00
5.925991041786708593e+03 2.499175903583792149e+02 1.001000000000000000e+03 0.000000000000000000e+00
5.447426047126054073e+03 1.207881896669505295e+03 1.001000000000000000e+03 0.000000000000000000e+00
5.333709932924964960e+03 4.434697731481640517e+02 1.001000000000000000e+03 0.000000000000000000e+00
5.054486728915476306e+03 4.639962679855567558e+02 1.001000000000000000e+03 0.000000000000000000e+00
4.592881324405693704e+03 5.324479099244979352e+02 1.001000000000000000e+03 0.000000000000000000e+00
6.546665931020424978e+03 1.883651498559458446e+02 1.001000000000000000e+03 0.000000000000000000e+00
6.126548906292603533e+03 1.515509035166257490e+03 1.001000000000000000e+03 0.000000000000000000e+00
6.320391111924528559e+03 8.590289888220537478e+02 1.001000000000000000e+03 0.000000000000000000e+00
6.340311801894926248e+03 3.495681038933586251e+02 1.001000000000000000e+03 0.000000000000000000e+00
6.082717096882514852e+03 9.759204636035236717e+02 1.001000000000000000e+03 0.000000000000000000e+00
6.210289771847141310e+03 1.654965327068914576e+02 1.001000000000000000e+03 0.000000000000000000e+00
5.999608361555410738e+03 2.165888194366346795e+02 1.001000000000000000e+03 0.000000000000000000e+00
5.922941595051929653e+03 1.567075470868246043e+02 1.001000000000000000e+03 0.000000000000000000e+00
5.432903734602393342e+03 3.652890707417897715e+02 1.001000000000000000e+03 0.000000000000000000e+00
5.316053537888614301e+03 3.065717503126861061e+02 1.001000000000000000e+03 0.000000000000000000e+00
4.856903918064575009e+03 4.883251564139617358e+02 1.001000000000000000e+03 0.000000000000000000e+00
6.304079973626356150e+03 7.313194352379156271e+02 1.001000000000000000e+03 0.000000000000000000e+00
6.504848188180303623e+03 5.971016705086658476e+02 1.001000000000000000e+03 0.000000000000000000e+00
6.582144979152844826e+03 1.407557834796922407e+02 1.001000000000000000e+03 0.000000000000000000e+00
6.487170189478765678e+03 1.571036924645113118e+02 1.001000000000000000e+03 0.000000000000000000e+00
6.415513528471869904e+03 1.288650738839143628e+02 1.001000000000000000e+03 0.000000000000000000e+00
6.310031616397658581e+03 1.969938502242540039e+02 1.001000000000000000e+03 0.000000000000000000e+00
6.116932895773113160e+03 2.074989847839325705e+02 1.001000000000000000e+03 0.000000000000000000e+00
5.958427556026023922e+03 2.107278539304133744e+02 1.001000000000000000e+03 0.000000000000000000e+00
5.668442607635515742e+03 2.859992287941829545e+02 1.001000000000000000e+03 0.000000000000000000e+00
5.536930622622418923e+03 3.101464179604431024e+02 1.001000000000000000e+03 0.000000000000000000e+00
5.269342998440927659e+03 3.415438768581050226e+02 1.001000000000000000e+03 0.000000000000000000e+00
6.089745690223167912e+03 1.228493488237823613e+03 1.001000000000000000e+03 0.000000000000000000e+00
6.612184850103893041e+03 2.088435441614703336e+02 1.001000000000000000e+03 0.000000000000000000e+00
6.429420301464901058e+03 5.462618750242569376e+02 1.001000000000000000e+03 0.000000000000000000e+00
6.487708610620033141e+03 1.460077063968558093e+02 1.001000000000000000e+03 0.000000000000000000e+00
6.410575469419187357e+03 1.739489610258843868e+02 1.001000000000000000e+03 0.000000000000000000e+00
6.331324254786094571e+03 1.686984224619126280e+02 1.001000000000000000e+03 0.000000000000000000e+00
6.166217117735572174e+03 1.813534143020062857e+02 1.001000000000000000e+03 0.000000000000000000e+00
6.031925473498758038e+03 1.969953794949900612e+02 1.001000000000000000e+03 0.000000000000000000e+00
5.818994716739691285e+03 1.649994832185212488e+02 1.001000000000000000e+03 0.000000000000000000e+00
5.546048834370644727e+03 1.977887588813721891e+02 1.001000000000000000e+03 0.000000000000000000e+00
5.393371391982401292e+03 3.539769164732890090e+02 1.001000000000000000e+03 0.000000000000000000e+00
6.455492122408837531e+03 2.034402193694037919e+02 1.001000000000000000e+03 0.000000000000000000e+00
6.564294760643968402e+03 2.068124412302004771e+02 1.001000000000000000e+03 0.000000000000000000e+00
6.319915455385203131e+03 1.256425750047543261e+03 1.001000000000000000e+03 0.000000000000000000e+00
6.535656988730611374e+03 1.299390728943526483e+02 1.001000000000000000e+03 0.000000000000000000e+00
6.464299448768118964e+03 1.441973157041834668e+02 1.001000000000000000e+03 0.000000000000000000e+00
6.314283007478698892e+03 1.749466600774909750e+02 1.001000000000000000e+03 0.000000000000000000e+00
6.239096558554911098e+03 1.335685949017190524e+02 1.001000000000000000e+03 0.000000000000000000e+00
6.044188673630362246e+03 1.644743775711687306e+02 1.001000000000000000e+03 0.000000000000000000e+00
5.916793079312710688e+03 1.660805783889589975e+02 1.001000000000000000e+03 0.000000000000000000e+00
5.654717377446430874e+03 1.901772982587690706e+02 1.001000000000000000e+03 0.000000000000000000e+00
5.442872480185956192e+03 2.779644957636128879e+02 1.001000000000000000e+03 0.000000000000000000e+00
6.481078012290321567e+03 1.739249638217997074e+02 1.001000000000000000e+03 0.000000000000000000e+00
6.552343277671131546e+03 1.954371756945929235e+02 1.001000000000000000e+03 0.000000000000000000e+00
6.572433423661042980e+03 1.641009948528567861e+02 1.001000000000000000e+03 0.000000000000000000e+00
6.603396067907140605e+03 2.111679711031180773e+02 1.001000000000000000e+03 0.000000000000000000e+00
6.348876056141606568e+03 7.891478703511729691e+02 1.001000000000000000e+03 0.000000000000000000e+00
6.381600309584897332e+03 1.185404921871663646e+02 1.001000000000000000e+03 0.000000000000000000e+00
6.165851677501295853e+03 1.824931807957300691e+02 1.001000000000000000e+03 0.000000000000000000e+00
6.077555325877478026e+03 1.797182073432452682e+02 1.001000000000000000e+03 0.000000000000000000e+00
5.893770067445258064e+03 2.436866749117854454e+02 1.001000000000000000e+03 0.000000000000000000e+00
5.688064009366414211e+03 1.891344267750256734e+02 1.001000000000000000e+03 0.000000000000000000e+00
5.503478323391651429e+03 2.139554643555377140e+02 1.001000000000000000e+03 0.000000000000000000e+00
6.239731746861490137e+03 4.346253362913898286e+02 1.001000000000000000e+03 0.000000000000000000e+00
6.215809285455308782e+03 8.650232077036208693e+02 1.001000000000000000e+03 0.000000000000000000e+00
6.537841839306111979e+03 1.445998463019890323e+02 1.001000000000000000e+03 0.000000000000000000e+00
6.516524111600930155e+03 1.029495634985390069e+02 1.001000000000000000e+03 0.000000000000000000e+00
6.458321376706304363e+03 1.698657877478239300e+02 1.001000000000000000e+03 0.000000000000000000e+00
6.012128285601795142e+03 1.303477161450143967e+03 1.001000000000000000e+03 0.000000000000000000e+00
6.251622178907784473e+03 1.565925193245304570e+02 1.001000000000000000e+03 0.000000000000000000e+00
6.074999125464333702e+03 1.236910095394841420e+02 1.001000000000000000e+03 0.000000000000000000e+00
5.883774765453397777e+03 1.284142059960864799e+02 1.001000000000000000e+03 0.000000000000000000e+00
5.736131644498436799e+03 1.503989493731481275e+02 1.001000000000000000e+03 0.000000000000000000e+00
5.527534685541095314e+03 1.356222660649594900e+02 1.001000000000000000e+03 0.000000000000000000e+00
