6.285893991055648257e+03
6.051048983165764184e+03
6.352840747622642994e+03
6.258307457647595584e+03
6.324844208225229522e+03
6.460080089440609299e+03
6.156346270096796616e+03
6.414012768869943102e+03
6.427826423509091001e+03
6.454983594594447823e+03
6.140365543872083435e+03
6.304944766541918398e+03
6.048345548004192096e+03
6.412118174576163256e+03
6.457365514426732261e+03
6.412629153891752139e+03
6.491326714389118933e+03
6.475629066114155648e+03
6.332676023073681790e+03
5.894573397230808041e+03
