6.295056252053864227e+03
4.418282515788803721e+03
2.888952084514944545e+03
6.201153530199711895e+03
6.263707551880740539e+03
6.317216891491523711e+03
5.936584540418096367e+03
5.938836827753029866e+03
4.902179353173353775e+03
5.502450406275157547e+03
6.163242149387258905e+03
5.256493273834854335e+03
5.734817614770122418e+03
4.818420953923607158e+03
5.558159853681637287e+03
4.703733809130293594e+03
6.433972048132707641e+03
6.249553048186548040e+03
6.728546341208446393e+03
6.101435795232652708e+03
