1.438845225081211083e+03
1.550952104653964852e+03
1.869226600666257127e+03
1.969710065025761196e+03
1.590850353242255551e+03
1.602900856984382699e+03
1.545972073012011606e+03
1.515970591656567649e+03
1.550941861063994111e+03
1.652269888027496108e+03
1.934039303437420813e+03
1.587346047933188629e+03
1.544701926694874146e+03
1.566422034570043252e+03
1.677217514470686183e+03
1.540696862072036538e+03
1.489537808614659752e+03
1.550115669622980249e+03
1.612250679683874068e+03
1.638670116419318447e+03
