1.412267201838268647e+03
1.369682577149151939e+03
1.390014581620371018e+03
1.564110132977110879e+03
3.336135122964323273e+03
3.347304826370779210e+03
1.441753508374340527e+03
1.362072915114493298e+03
1.412197254903015846e+03
1.433911784819896411e+03
1.148698255697989225e+03
1.362962881214513573e+03
3.331000482688494230e+03
1.253785272860246096e+03
1.636060139169184595e+03
3.342192197820638739e+03
1.420021356460573088e+03
1.420705277656307317e+03
1.347307644626434467e+03
1.348801739831808163e+03
