8.220475522884011070e+02
6.423013632267344519e+02
1.090884669114933985e+02
5.742768222187307856e+02
8.909878914187023611e+02
8.136412896672455872e+02
8.568484902955613052e+02
9.913704216972043923e+02
9.304693170056723375e+02
9.836157916440997724e+02
5.644075114643763982e+02
8.509986789031629542e+02
1.193528304775525157e+03
1.090480566467946772e+02
8.887683836174949192e+02
8.435668301763445243e+02
8.204403931262535252e+02
1.131682577713171895e+03
7.957905096997583314e+02
1.098384415381371809e+03
