2.799876110900311801e+02
2.800842969268720708e+02
2.826492659872143918e+02
1.662336170542887430e+03
2.798392669739150165e+02
2.233800846252971041e+03
2.806648580071027368e+02
1.750794127614813988e+03
2.806269016006792185e+02
1.838713197267322130e+03
2.109068078877576227e+03
2.810125100217192085e+02
2.839221093930302118e+02
2.818973112482385091e+02
2.812504244308302077e+02
2.840604152004255525e+02
2.828589782931528021e+02
2.830415832171188413e+02
2.790885187157090286e+02
2.808556031545485894e+02
