1.069241747197591394e+03
9.715895612962171981e+02
9.755955033329996695e+02
1.003966474062383440e+03
1.007251310591782158e+03
1.078614624038023749e+03
1.064427813200460605e+03
9.811847813456652148e+02
9.119963533425981268e+02
1.051073760758817571e+03
1.033837804691433803e+03
1.014707260374434213e+03
1.061725038448479154e+03
1.048028818900498209e+03
8.510803479257801882e+02
9.529686820343856652e+02
9.540514414205914591e+02
1.034232667104651227e+03
1.004064149833358442e+03
1.041858216341792286e+03
