6.543218327277464596e+03
6.474938947870467928e+03
6.483597140589224182e+03
6.755140453788451850e+03
6.527305543419835885e+03
6.745314787534119205e+03
6.729618557038994368e+03
6.698720088183265943e+03
6.701392846462982561e+03
6.564624466007640876e+03
6.505384365386762511e+03
6.827514090145383307e+03
6.614468811712015849e+03
6.552912450719668414e+03
6.613672569854856192e+03
6.783586419152361486e+03
6.623015374732226519e+03
6.552464221537295998e+03
6.627830074788384081e+03
6.549506303529437901e+03
