5.503010652673609002e+03
5.730838991818282011e+03
5.713554176313094104e+03
5.641926081635508126e+03
5.697548799563509419e+03
5.809730403903556180e+03
5.684061966970098183e+03
5.852065766911219725e+03
5.727680542306040479e+03
5.760190706002028492e+03
5.428778157783207462e+03
5.803540881057834667e+03
5.750701884808724571e+03
5.758335907289109855e+03
5.722041781430729316e+03
5.758231686613664351e+03
5.804047758497425093e+03
5.816342328538048605e+03
5.698365754474904861e+03
5.667568042730214984e+03
