3.199624333171858780e+03
1.426616048476556898e+03
3.186218386301960891e+03
1.351759203921712697e+03
3.252756535409238040e+03
3.275336823399791228e+03
1.405949348810475158e+03
2.861751506401281858e+03
3.111729225613571089e+03
3.445865844368895523e+03
3.218456385803826834e+03
2.422961272111447215e+03
2.240848494255650621e+03
3.236885812931881901e+03
2.705825974232250701e+03
2.645851471896798444e+02
3.158615610964317966e+03
3.136440401955710968e+03
2.600753580310278267e+03
3.154580007660215870e+03
