3.770575118200819816e+03
3.561410712512079954e+03
3.777970072253097896e+03
2.138204907906402696e+03
3.791933923816305196e+03
5.279582129093317917e+02
3.823389760603311515e+03
2.739599520245279109e+03
3.812454055320166844e+03
3.799120821096445979e+03
3.775816274648221224e+03
3.781606823674224415e+03
3.761556651255845281e+03
3.766208914779255338e+03
3.778609580288240068e+03
2.580976507342779769e+03
3.794192367065815688e+03
3.751494445804021325e+03
2.692611789796375888e+03
3.790780001921948951e+03
