3.320415834077875388e+03
3.406066172074591577e+03
3.416988221516153772e+03
3.376786524682754134e+03
3.367969230432236145e+03
3.414028182293428017e+03
3.420706385638150550e+03
3.372813544006587563e+03
3.430611794781753360e+03
3.370592342331848613e+03
3.391093757297096545e+03
3.363754688552646712e+03
3.406163932068929626e+03
3.364702787448234176e+03
3.380916214769607450e+03
3.382429680824294792e+03
3.416166402954376281e+03
3.379529592465692076e+03
3.421065216780403262e+03
3.418532332989873794e+03
