3.482505345605197817e+03
3.516901125544600745e+03
3.504243312428254285e+03
2.200354022140244069e+03
3.516032149437635326e+03
3.480447364034504972e+03
3.524693227281564759e+03
3.516855343133671340e+03
3.529884517588892322e+03
3.191085212336726272e+03
3.521912096746670613e+03
1.800215880509886802e+03
3.499062583888775407e+03
3.517684918848221969e+03
3.502593588013728549e+03
3.518744058191534805e+03
3.521608195023633016e+03
3.509773269481288480e+03
3.531936989530277970e+03
3.525379655442918647e+03
