1.743851666909487676e+03
1.334584253560346724e+03
1.440075638766423481e+03
1.295112289542785220e+03
1.868439513414525891e+03
1.024073448136349953e+03
1.126580070916026443e+03
9.515617541347927499e+02
9.117253449193613051e+02
1.224619792027591984e+03
1.778417630362621367e+03
4.925722464383785564e+02
1.401239594351804044e+03
2.243131575583975518e+03
2.043712310769953547e+03
1.374296698681878070e+03
1.319266222419970745e+03
1.348846539236753870e+03
1.511336313842849449e+03
1.089550024699657797e+03
