1.724201359008396594e+03
1.543316683997130440e+03
2.728238699862405156e+03
1.070659420396171527e+03
1.070382473463319002e+03
1.065412672300395343e+03
1.365203025862597315e+03
1.095320649068919010e+03
1.199420826178712787e+03
1.876952773317401352e+03
1.291158469208290626e+03
1.130756368626957283e+03
9.917749368651578834e+02
1.693664179797529641e+03
1.494993442686649814e+03
9.293532896127697995e+02
1.086262059129565387e+03
1.617082630958730078e+03
1.063788752123439053e+03
1.800777044823379356e+03
