3.425444892804981009e+03
3.329969523103148276e+03
3.450520279606668737e+03
3.367405012802088550e+03
3.330151481059870093e+03
3.368966678314245200e+03
3.352588287490774746e+03
3.355740593890371201e+03
3.346386383562130050e+03
3.336882387110422314e+03
3.208937574488633800e+03
3.379957758865361939e+03
3.407324417951928808e+03
2.560596160640294784e+03
3.400183763871025803e+03
3.411003514433261444e+03
3.396898003548702491e+03
3.376295244162840845e+03
3.391667203461257031e+03
3.399695505019923530e+03
