3.475876361778350656e+03
3.449694034452060805e+03
3.491260717057176862e+03
3.345947665783384764e+03
3.245125511518467647e+03
3.420468967366949983e+03
3.485346913635591136e+03
3.476897456385795977e+03
3.401158148392995372e+03
3.495307878749191786e+03
3.371784620031990926e+03
3.296137144168535087e+03
3.379107401489383392e+03
3.410803707216475686e+03
3.462045409672541155e+03
3.436216762501891480e+03
3.438418363364733978e+03
3.452745236624471545e+03
3.348768005213745255e+03
3.446515607655154326e+03
