3.417061848799136897e+03
3.282076108938430934e+03
3.415176986872602811e+03
3.285404723708527399e+03
3.392023822815288440e+03
3.434861342673371382e+03
3.412495467469449977e+03
3.512804394549825702e+03
3.438415684982759558e+03
3.441270398540827500e+03
3.437963537696255116e+03
3.379818661792721741e+03
3.300277855116068622e+03
3.382908328228861137e+03
3.390103326105348060e+03
3.348041584317333218e+03
3.381578632390224357e+03
3.431683277416587771e+03
3.407020208612316310e+03
1.805220526566800572e+03
