6.787432633837261164e+03
6.725989299344121719e+03
6.715706056033453024e+03
6.836965756384418455e+03
6.791533893304750563e+03
6.875051474545403835e+03
6.918439662368877180e+03
6.657002808001147969e+03
6.608550245522186742e+03
6.779543879122436920e+03
6.835014840949601421e+03
6.705928020340351395e+03
6.790168916139748944e+03
6.927596192317406349e+03
6.862166841116482829e+03
6.756375031837711504e+03
6.672890688923884227e+03
6.788640177235462033e+03
6.839118842096302615e+03
6.761568147387581121e+03
