6.416761230277475079e+03
6.306588991069610529e+03
6.476128290035071586e+03
6.505393406241682897e+03
6.313934056959182271e+03
6.597210861786657006e+03
6.446762130902372519e+03
6.534840066188260607e+03
6.541379370000084236e+03
6.418628107659904344e+03
6.507516210877479352e+03
6.341490368950050652e+03
6.431875325001595229e+03
6.357692877590404350e+03
6.417062995182094710e+03
6.600650616209739383e+03
6.296403166342527584e+03
6.507778814370421969e+03
6.276076583592415773e+03
6.401808805766737350e+03
