6.483431937458580251e+03
6.444303956200481480e+03
6.538745420688154809e+03
6.423958985767070772e+03
6.500619745796107054e+03
6.667080612210475010e+03
6.494761388434403671e+03
6.456731766519780649e+03
6.540532028879255449e+03
6.350038114184033475e+03
6.319131323375863758e+03
6.397958385858067231e+03
6.390554311963584951e+03
6.420018146526903365e+03
6.410127278493665472e+03
6.545330130628085499e+03
6.363828916876565017e+03
6.610732343478684015e+03
6.298306275043605638e+03
6.447708387220603981e+03
