6.513356691130461513e+03
6.717194643583102334e+03
6.339771273221614138e+03
6.471122745109926655e+03
6.502025105667837124e+03
6.356715453907984738e+03
6.635559270613951412e+03
6.730370902142016348e+03
6.413666521291337631e+03
6.458942984310790052e+03
6.668006736888512023e+03
6.556890946994624755e+03
6.683865925836100359e+03
6.448923292343371031e+03
6.717532884280841245e+03
6.697194946783512023e+03
6.385647180391688380e+03
6.656303053565085065e+03
6.587779366320657573e+03
6.766371162891123276e+03
