3.842821790909524680e+03
3.849736186057199575e+03
3.847417211295749439e+03
3.883779617965916259e+03
3.852267148748499494e+03
3.908805710189622459e+03
3.816197598347996518e+03
3.821697502026570419e+03
3.831847674643839582e+03
3.765333295990869374e+03
3.777075088538331784e+03
3.888824880506080717e+03
3.830246120629345114e+03
3.907005238820354862e+03
3.761397147599903747e+03
3.858692848206106191e+03
1.428543246909446452e+03
3.826961136391937998e+03
3.855271620545736369e+03
3.910638720294073664e+03
