5.580426592428579170e+03
5.329657834522119629e+03
5.417904319615556233e+03
5.314330815647706913e+03
5.630007653473084247e+03
5.598033457203534454e+03
5.530425217286180668e+03
5.673301318663022357e+03
5.565419284956540650e+03
5.421731492553090902e+03
5.304187832382565830e+03
5.638652910444791814e+03
5.360653810808234084e+03
2.260674621503974777e+03
5.632240423562474462e+03
5.354653912071124068e+03
5.626852176359363511e+03
5.717263687762824702e+03
5.140893257442739014e+03
5.170788864865719916e+03
