5.970490664756663136e+03
5.881294058710471290e+03
6.175197503019409851e+03
5.690328590666702439e+03
5.977995264775681790e+03
6.103624883493976995e+03
6.360820697103094972e+03
5.962548516408253818e+03
6.021779910550246314e+03
6.132018824516409950e+03
5.927182389885818338e+03
5.751039746495786858e+03
6.400151046227253573e+03
6.152626875919641861e+03
6.055551031177072218e+03
6.014399426797175693e+03
6.105135381935264377e+03
6.168481489484434860e+03
6.251128108865868853e+03
5.927039609652489162e+03
