5.441716954601795806e+03
4.696742739283358787e+03
5.137642007542016472e+03
5.256791214508979465e+03
5.026400860937349535e+03
5.188894049805731811e+03
5.353447622697198312e+03
5.391614630107784251e+03
5.419113667194332265e+03
5.503455899549064270e+03
5.380538811977564364e+03
5.310394980045723059e+03
5.416891512240956217e+03
5.180576244970503467e+03
5.410626681699996880e+03
5.152229523183714264e+03
4.246477384623744911e+03
5.307704091873843936e+03
5.148278062427398254e+03
5.167698014255933231e+03
