1.555664676119940395e+03
5.786265884712791376e+03
5.866156412197466125e+03
5.740750077760954809e+03
6.033699592054922505e+03
5.871286402473931048e+03
5.682947770266848238e+03
5.977538037197205995e+03
5.955588172859425868e+03
7.161845810729815867e+02
5.736108829593744304e+03
6.070836878994844483e+03
6.138593725898182129e+03
6.142670919668132228e+03
5.864935937961041418e+03
6.121689540225341261e+03
6.052823515594763194e+03
6.159727068554772814e+03
6.273481355758892278e+03
6.059918466115623232e+03
