4.149454122152536002e+03
4.905063852367314212e+03
4.740742571859310374e+03
3.565482040830639107e+03
1.288782811777648021e+03
4.821269436923210378e+03
4.373894830684062072e+03
4.951161902679601553e+03
4.753064777114485878e+03
4.503158070341954954e+03
1.344092215390788397e+03
4.881223306873020192e+03
3.488673321901224426e+03
2.598594502202993681e+03
4.925961660050612409e+03
3.683369107245880969e+03
5.046266366507834391e+03
4.969053658363442992e+03
4.969056964723567035e+03
4.820977110984093997e+03
