4.660849501525350206e+03
4.786382755817917314e+03
4.589315562130002945e+03
4.481459200836113268e+03
4.826245036137497664e+03
4.499050750230664562e+03
4.520051856147799299e+03
4.503527540710570975e+03
4.489869146824174095e+03
4.501832935231240299e+03
4.679398961168888491e+03
4.675302261352047026e+03
4.931064328688094065e+03
4.683541480334950393e+03
4.562976520412013087e+03
4.744480984054861437e+03
4.453059620944888593e+03
4.756968685522844680e+03
4.777754465913302738e+03
4.705001467797475016e+03
