5.003475694612691768e+03
1.249724999540196677e+03
4.855004620295972927e+03
2.068052445620017352e+03
4.978681918033594229e+03
5.005571562320074008e+03
4.893595899473671125e+03
3.852117712655300238e+03
1.828165201389657113e+03
4.921737299955804701e+03
2.647796389950334742e+03
4.918845733703207770e+03
1.385321766426558952e+03
4.874792016180210339e+03
4.766330899780949949e+03
4.872382516726465838e+03
4.726166517102819853e+03
5.003427160148645271e+03
4.431452895830074340e+03
4.977726489123388092e+03
