3.295509598707260466e+03
2.272027729210695668e+02
3.167590235276929434e+03
2.798688273449501594e+03
2.344773734992093068e+03
3.254304665935888352e+03
3.263687635727274483e+03
3.301261550758156318e+03
3.245024504161097411e+03
3.422472465830209785e+03
1.380762552910630120e+03
2.950192334017528992e+03
3.266379525153239229e+03
3.373522050864601624e+03
3.278780427052125560e+03
3.368739132725113905e+03
3.193138653658485964e+03
1.148694321515691627e+03
8.218727721905607950e+02
3.213151115001610833e+03
