3.452010088359434576e+03
3.248447263770192421e+03
3.399379057316295530e+03
3.154013467106909502e+03
3.421073254651422303e+03
2.116702058624957772e+03
3.464320032110799730e+03
3.441245935423164610e+03
3.516920849690233354e+03
3.441520719549189835e+03
3.404105625214799147e+03
3.419199722694576849e+03
3.405243521106343906e+03
2.996634852596665041e+03
3.350071850283139156e+03
3.401846359378874695e+03
3.442165055393480998e+03
2.246799381992849248e+03
3.440744579887356849e+03
3.441054217962454459e+03
