3.590977004650458639e+03
3.564761417590967994e+03
3.515302790456122239e+03
3.139284613061397067e+03
2.098924687268100115e+03
3.461873303922393916e+03
2.903468799053302519e+03
3.606920208875561002e+03
3.561084027661313030e+03
1.587946257840270164e+03
3.567712296306942790e+03
3.587492218759476600e+03
2.097397158961779951e+03
3.259853442637272565e+03
2.692262108726102724e+03
3.622033937853732823e+03
1.800211303209755670e+03
3.297148396047164624e+03
2.966118847510101659e+02
1.376042005698787762e+03
