1.655020917316713849e+03
1.662779587804577204e+03
1.643586372457719108e+03
1.645938029153590378e+03
1.613231992622957023e+03
1.612258124626111339e+03
1.592039936296652968e+03
1.611818267324640374e+03
1.588135650483033487e+03
1.640243115562452658e+03
1.642055251968535913e+03
1.625827934602877804e+03
1.630814724906064839e+03
1.631218568335951659e+03
1.596465449551625852e+03
1.638464226576573765e+03
1.610943910604461053e+03
1.626454526690896728e+03
1.629951892162427612e+03
1.613104700624723591e+03
