2.245030196918586171e+03
2.235891585959802796e+03
2.257115716174191675e+03
2.238886221108869449e+03
2.228154576780273601e+03
2.252975357743885525e+03
2.246962510713479787e+03
2.272529078785059028e+03
2.217531348924267149e+03
2.267132666271707421e+03
2.228540875354400669e+03
2.281917677710212047e+03
2.257504204583972296e+03
2.223863316018450405e+03
2.261652919683416258e+03
2.256763296109354997e+03
2.229401991519391686e+03
2.298082039060148418e+03
2.238166272985424712e+03
2.296989937450170146e+03
