2.777867323519198635e+03
2.762142800674799219e+03
2.880831252888565814e+03
2.891003516254476381e+03
2.831699671433163985e+03
2.898377130829360340e+03
2.836449526613504077e+03
2.883188070713689740e+03
2.840412208027231827e+03
2.877098567287336209e+03
2.844995544264507771e+03
2.825931155578552989e+03
2.857208182100004706e+03
2.851221828353918227e+03
2.873728830613582431e+03
2.918281189205600640e+03
2.877485064103865625e+03
2.840942383835922101e+03
2.784341346784019152e+03
2.866546830247832077e+03
