1.901375250988720381e+03
1.806289674695622125e+03
1.860341234145760154e+03
1.853457915050518750e+03
1.897750193695969756e+03
1.945872579736795615e+03
1.904590636374880432e+03
1.890448255362967757e+03
1.902710777874394125e+03
1.878378011920600557e+03
1.843389830420204362e+03
1.911320269224139338e+03
1.850491553686792258e+03
1.852017813584236364e+03
1.872287853313336427e+03
1.879045732742528799e+03
1.853105104892034660e+03
1.901727352310912920e+03
1.895552172548891804e+03
1.874785240704221906e+03
