2.100971261951784072e+03
2.136182985019701391e+03
2.112496703668294231e+03
2.138312096368225866e+03
2.129279235952914860e+03
2.125153176856123082e+03
2.096075376599945230e+03
2.154215128520980670e+03
2.142307321947345372e+03
2.122436971771111075e+03
2.122206042393019743e+03
2.007275019803186524e+03
2.123406441554905541e+03
2.088954144619612634e+03
2.127223473277316316e+03
2.115898949157096013e+03
2.173927706449309426e+03
2.130803605060935752e+03
2.107491338023136905e+03
2.071968454870496771e+03
