3.019685131766337236e+03
2.901191037829117249e+03
2.971134817214334817e+03
2.926163134677190556e+03
2.947578914375216755e+03
3.000820671048254098e+03
2.926630970681842882e+03
2.894126366263205455e+03
2.933668325441253728e+03
3.032248085239140892e+03
2.952801762783893082e+03
3.053028247881756215e+03
3.043580378252589071e+03
2.956094461567409780e+03
2.995376088609995804e+03
2.927251119453567753e+03
2.976655636993098142e+03
2.913618463299431369e+03
2.970888215029724506e+03
2.986057415980340011e+03
