6.351973848448900753e+03
6.456943987095928605e+03
5.926851586385068003e+03
6.256264555110898982e+03
6.086177282726105659e+03
6.673657269436041133e+03
6.410869256986514301e+03
6.236571213166676898e+03
6.512345689292152201e+03
6.506948185589087188e+03
6.094701844028815685e+03
6.435091689819922976e+03
3.132038589408083226e+03
6.529110341318318206e+03
6.213339751684361545e+03
5.773048017745197285e+03
6.231930732833242473e+03
6.338623860101134596e+03
6.108035647940560011e+03
6.470868191614144962e+03
