6.260095122357684886e+03
6.319075451964393324e+03
6.219500094443610578e+03
6.158828303597986633e+03
6.433164618429638722e+03
6.017951855035601511e+03
6.046910358920630642e+03
6.313863972608644872e+03
6.120495938087772629e+03
6.230730334992401367e+03
6.234095060615471084e+03
6.258891070008901806e+03
6.081794696475265482e+03
6.120686575435340274e+03
6.106627631566808304e+03
6.156543635390643431e+03
6.359995142810123980e+03
6.083738665124780709e+03
6.276616483827621778e+03
5.973559783139176034e+03
