5.380176587930684036e+03
5.721519357475632205e+03
5.794028398712077433e+03
5.331713685893282673e+03
5.535210096114193220e+03
5.844608564417004345e+03
5.652146592669423626e+03
5.190627730729728682e+03
5.763271846065234968e+03
5.690721200895753100e+03
5.684354761982389391e+03
5.665989129566637530e+03
5.631904146459860385e+03
5.779658368735615113e+03
5.669954196472820513e+03
5.635603000304324269e+03
5.333321015489106685e+03
5.395890897032311841e+03
5.832939339520376052e+03
5.423986797691748507e+03
