6.642778879097455501e+03
6.506387175176850178e+03
6.348497836855151036e+03
5.967742800952303696e+03
6.090921520509751645e+03
6.506583559865232019e+03
6.287433805891481825e+03
6.323863189848609181e+03
6.315877152446068067e+03
6.249585215944214724e+03
6.337897863502996188e+03
2.679099889025535504e+03
6.364896343273334423e+03
6.344421810276737233e+03
6.297093103629998950e+03
6.373347638648278007e+03
6.187487971092836233e+03
6.296620865987055367e+03
6.474325611607594510e+03
6.015632913636467492e+03
