7.096971832435256147e+02
7.933724700881028866e+02
1.573954184659319935e+03
9.647343074346340472e+02
5.887693647787750706e+02
8.902911310119752670e+02
8.259242208268739205e+02
9.455538907526021148e+02
7.083257929283547583e+02
8.132329446891845919e+02
6.958733744980845586e+02
7.604843477174017607e+02
5.595542157777516650e+02
6.491924741410779234e+02
7.000347005966574443e+02
7.196295434329178988e+02
7.091342580189336786e+02
6.825294336259656802e+02
6.058749172335972162e+02
8.002090065505166194e+02
