8.005757358510546737e+02
9.115186294245612544e+02
1.584360967845519554e+03
1.040217872707904462e+03
8.005877414375592025e+02
1.071950401583980920e+03
8.133351413412319744e+02
3.193780572635802173e+02
1.057689266607786749e+03
1.076401509652288951e+03
1.747873084595445334e+03
8.029360084750777560e+02
8.317444150814409340e+02
8.412910266217439812e+02
8.159506758851181303e+02
8.282822824909143264e+02
9.010268958461148259e+02
1.291626352115104510e+03
8.158844785395860981e+02
8.069641404252080292e+02
