3.166830772860711477e+03
3.181654525107754125e+03
3.181915170236011818e+03
8.105348952423092896e+02
3.387771327976233351e+03
3.074942114596957254e+03
3.139163609419952536e+03
3.159348346200074957e+03
3.226703331393523513e+03
9.713857919413206901e+02
3.123259915670910232e+03
1.566642494009981021e+02
3.161827380208467730e+03
3.028597179129493725e+03
3.191826439281346211e+03
2.000355066385252485e+03
3.438923669431301278e+02
3.155091383633552596e+03
1.976477680822586080e+03
1.157613177839256423e+03
