7.947605399822897425e+02
1.126619521875858482e+03
1.500254305461602371e+03
6.251582591591565006e+02
9.159335425230102601e+02
9.230230512207281208e+02
3.269466512988120144e+02
8.118505416260500169e+02
8.698990575798962936e+02
1.322285435837089608e+03
1.621044397738904308e+03
8.898945368114312942e+02
8.588727450307042091e+02
2.864854610323378893e+03
8.504569346812797903e+02
7.878969140377791973e+02
1.827193630511796982e+03
2.357364138363067468e+03
1.468512946003443631e+03
2.332679373509824018e+03
