2.012881573439785825e+03
2.172200913150679753e+03
9.698923126155307273e+02
8.061984060915768850e+02
1.037658689790574272e+03
7.949549796078316604e+02
1.031315437944586165e+03
8.831053316467471177e+02
8.380773199444429338e+02
8.261268663806744144e+02
1.237719492037107557e+03
1.510683418641802973e+03
7.785869278666522177e+02
1.507442105634768268e+03
3.070563107772818967e+03
1.010655864899622088e+03
1.779195665380930905e+03
8.138054904632267608e+02
9.711923874435175321e+02
8.243798522875996468e+02
