7.686166589284003976e+02
1.172147614348416937e+03
1.013402728494455459e+03
7.153832679731303870e+02
7.440572963359293226e+02
5.643900706503382025e+02
1.136704692100177454e+03
9.485018249984548220e+02
5.248950008824140241e+02
6.481219378271265441e+02
5.497604925371815625e+02
1.005902657390539844e+03
1.544121278616164545e+03
1.143920237287684813e+03
7.119769827942363918e+02
7.094520984437007201e+02
7.323688201323037674e+02
6.624594620891945169e+02
1.536016771007070702e+03
9.388105165608427569e+02
