6.974913059850663331e+02
9.628689151176403129e+02
6.082454532992838949e+02
5.275047460197341707e+02
1.099789182417744087e+03
9.471494761333354973e+02
8.702291742415757199e+02
7.802279466269875456e+02
7.280701623677875887e+02
1.176047481249343718e+03
9.331490437434483738e+02
6.972350860526956922e+02
7.803081431156263079e+02
8.376723733382979162e+02
1.412196923380522776e+03
9.373083799589297769e+02
1.829069969421076394e+03
5.356581145299874152e+02
8.738891143821621199e+02
7.782279130504823570e+02
