2.623981307230909351e+03
1.163149424946121826e+03
1.983265502589865036e+03
1.650486812254898723e+03
1.378299581100661044e+03
1.006727173859815252e+03
1.439772879074555476e+03
2.322975215100853347e+03
1.899518419030261839e+03
3.216531499597519087e+03
1.779882810510325271e+03
1.022280390508707796e+03
1.141683161987692529e+03
3.165033443884727149e+03
2.713041904032212642e+03
1.155188223893075701e+03
8.693479167980570992e+02
2.066358189992879943e+03
1.113015322304550637e+03
2.354217311786236678e+03
