1.067217977190543479e+03
1.243410636655770077e+03
4.281794593853941819e+02
1.591368095620453005e+03
9.804787958222096904e+02
1.479405411982480018e+03
1.383035265586534251e+03
2.086552960478597925e+03
8.597626974314046038e+02
9.105420858933563295e+02
4.056766375174490804e+02
1.300014382106030780e+03
1.329396672056992202e+03
1.561418253207307544e+03
1.087648575099044365e+03
9.978695919727989576e+02
1.716191529177596976e+03
1.688655361432517111e+03
1.574545797875970266e+03
1.540213798954364165e+03
