5.140345324408511942e+02
6.916227803574093969e+02
6.313911697611436011e+02
4.930986429964565332e+02
5.862462784922995525e+02
6.322498680343106798e+02
6.847731615537766174e+02
6.906215018391669673e+02
6.554662786578037412e+02
4.643244195709897895e+02
6.909051062479406937e+02
5.858675852010893550e+02
6.420627043154260036e+02
6.789310208300070144e+02
7.137737936695847338e+02
6.688091530338466555e+02
6.023934274783792944e+02
6.778494826360447405e+02
7.047756705888855322e+02
4.859837273370466733e+02
