3.304755130642282893e+03
3.276413952435210831e+03
3.308316244888862457e+03
3.277728795258970422e+03
3.274963439525667582e+03
3.302898409503864968e+03
3.294806698794172917e+03
2.161549194589792478e+03
3.284836822838665285e+03
3.273600881376844882e+03
3.275665617625577852e+03
3.312130615175735784e+03
3.273378769641982217e+03
3.271992822685528154e+03
3.299510762809968128e+03
3.281980921973107343e+03
3.274389551176567693e+03
3.289297058511343948e+03
2.977256756954596312e+03
3.294792582291384406e+03
