6.925109546502441162e+02
7.941595508786252822e+02
3.274122576257406308e+03
1.051063129570386536e+03
8.745023463279020461e+02
1.055109270755346643e+03
9.224524222172329928e+02
8.584706388771987804e+02
1.164057816767057147e+03
9.098024698380127120e+02
9.298002106669875957e+02
3.289656467814340431e+03
1.236354695100677418e+03
9.225723255383039714e+02
9.839965579192787573e+02
9.071095204641260352e+02
9.258060692136375565e+02
9.619995534482250150e+02
1.050394527079267846e+03
9.660747814330883330e+02
