4.800562946474586283e+02
6.300677851354016639e+02
5.916973524145103056e+02
6.802715545349282138e+02
5.364553853087376183e+02
5.507621230263215466e+02
6.296138946030433772e+02
5.145078228645641047e+02
4.489021014461708319e+02
5.017675378721726815e+02
6.874781194485350397e+02
6.203670350840729952e+02
5.067917239108309673e+02
6.465505937814723438e+02
6.955020247137694014e+02
4.289743949678656918e+02
4.803447125978362919e+02
5.003774227734482452e+02
5.731808945628504262e+02
5.681625373911942916e+02
