3.208251458812305827e+03
3.297673491667226244e+03
3.211423019165234564e+03
1.509900888062284139e+03
3.179712416521393152e+03
3.170130003464954825e+03
3.182334664978552610e+03
3.206389610903819630e+03
3.144867396599430322e+03
1.382179321603347944e+03
3.228617987137113232e+03
3.167219953896356401e+03
3.234937835246165378e+03
3.136246261348339431e+03
3.285290096978828387e+03
3.171772902467116637e+03
3.264686336902270796e+03
3.164719731583947123e+03
3.157384553462798067e+03
3.240959569010327868e+03
