1.609265287930605837e+03
1.601416416590996960e+03
1.833601808079191869e+03
1.406551122143163639e+03
2.182404272888690684e+03
2.348574517300126899e+03
1.644359897696127973e+03
1.997886820076586673e+03
2.255985109635813842e+03
1.399377281664068050e+03
1.981400083994436955e+03
1.715605116502171541e+03
2.291915051235436295e+03
1.686061576130649428e+03
3.112215523887381096e+03
9.635712227394275260e+02
2.166771814392349370e+03
3.082139238969068629e+03
2.824513622079500237e+03
1.945655504794790659e+03
