6.815927379104413149e+02
9.019302628698732178e+02
6.536193789027486218e+02
7.229512949936610084e+02
1.051053488006768930e+03
1.173721693971434888e+03
1.231363286563834890e+03
1.337258933574529010e+03
1.155673577152258758e+03
9.890898142216203723e+02
1.383318160702840487e+03
8.553881167263328962e+02
9.638928693706039041e+01
7.932030259497105362e+02
8.115329002776661582e+02
6.269453850611573671e+02
1.106383068681464920e+03
1.221015985894018286e+03
9.280106873185709446e+02
8.735884853047688239e+02
