6.502648726792995149e+02
1.268088440739589032e+03
1.142273347570854867e+03
8.162272290717266969e+02
8.238843383699681908e+02
8.635523927385927436e+02
1.118404903017523566e+03
8.232016528226945411e+02
8.667462061082254650e+02
1.227637594805147501e+03
1.122598350316241977e+03
8.096130829839058833e+02
1.108366453276341645e+03
8.995152756797438087e+02
7.355113372697046543e+02
1.032249254954640264e+03
8.039011414892811445e+02
8.940510398639901268e+02
1.049420721520516281e+03
1.127637310662077425e+03
