3.182219849718975183e+03
3.194763594298405678e+03
3.140858737688808560e+03
3.183685312207120660e+03
3.166674383340226996e+03
3.236689053026179863e+03
3.191470547497855023e+03
3.244803891117958301e+03
3.221275082309972731e+03
3.198437891696597489e+03
3.002764657747327874e+03
3.127386165301323217e+03
3.207389966615111916e+03
1.423335693569762498e+03
3.169802322070395803e+03
3.214873022722310907e+03
3.151062287514073432e+03
3.138255330824919383e+03
3.167739052525756506e+03
3.409123086253370275e+03
