6.591119710203908653e+03
6.470357451971323826e+03
6.574179437716597022e+03
6.551901675985902330e+03
6.509560148346077767e+03
6.537599020784922686e+03
6.383353597076300503e+03
6.692041894354620126e+03
6.685601111905989455e+03
6.625151840904358323e+03
6.689455231890541654e+03
6.531641531909927835e+03
6.666154624359804984e+03
6.586971990331038796e+03
6.518576042449666602e+03
6.611931248105403029e+03
6.582500882811488736e+03
6.369186940620778842e+03
6.457170385405154775e+03
6.588064599625843584e+03
