6.715521617748127028e+03
6.638749651414758773e+03
6.615028348530624498e+03
6.708374673065313800e+03
6.733883296444982989e+03
6.713336772184897200e+03
6.819512862840662820e+03
6.574893058731900965e+03
6.642592314076270668e+03
6.749869978442334286e+03
6.723202557841017551e+03
6.768152628393239866e+03
6.765952306975288593e+03
6.583045414150348734e+03
6.713392102899870224e+03
6.618989830391697069e+03
6.712192914735610429e+03
6.420962228739675993e+03
6.747161524026563711e+03
6.790102387619233014e+03
