7.180262548693939607e+03
7.234622179564846192e+03
7.169583678888224313e+03
7.143570054740359410e+03
7.275841687268495662e+03
7.084397615198315179e+03
7.227062191415282541e+03
7.052706777654560028e+03
7.057499088650352860e+03
7.336168683584945938e+03
7.236801533826554078e+03
7.046617205845293938e+03
7.134536176696234179e+03
7.110273259780447006e+03
7.121308489090945841e+03
6.795211524820562772e+03
7.205119973688096252e+03
7.201475374629078033e+03
7.031228489775464368e+03
7.126359226417037462e+03
