6.494321825337605333e+03
6.594041318440573377e+03
6.621392649347302722e+03
6.474007833402684810e+03
6.594447316312966905e+03
6.431487582445022781e+03
6.468316091378783312e+03
6.271980002570306169e+03
6.598295732683470305e+03
6.361794213458846571e+03
6.714063501451774755e+03
6.523408667248003439e+03
6.378315332736819983e+03
6.455309952234378216e+03
6.411844912815111456e+03
6.475023019403651233e+03
6.510790150279811314e+03
3.712030094718749751e+03
6.559176466566977069e+03
6.557927743344157534e+03
