4.852470406316617186e+02
4.875630780620923019e+02
6.299070789314392869e+02
6.626885551916288932e+02
7.015181013343169525e+02
5.592715173509833448e+02
6.762209259932222949e+02
6.159872531230532786e+02
7.499161164406245916e+02
4.865011043264225350e+02
6.913131843796771818e+02
3.126655795216448155e+02
6.654436594114877153e+02
7.075947725312848888e+02
6.983470170976005420e+02
6.405857801480490252e+02
6.737104468845016072e+02
6.644260539024944592e+02
6.895583052173624310e+02
8.462923774053714396e+02
