3.209315218097526667e+03
3.077674046762826947e+03
3.061183057270304289e+03
3.030973536596929534e+03
2.781970824823290513e+03
3.050995514082470436e+03
3.042673496113849069e+03
3.054551714214332151e+03
3.054339876192056181e+03
3.063713621571798285e+03
3.091763854599598744e+03
1.618460810214246067e+03
3.055152145016210852e+03
3.043985895317714039e+03
3.062119688399999632e+03
3.043190579141974467e+03
3.024088877920562027e+03
3.050009536517646666e+03
3.018787563293352378e+03
3.075667485176656555e+03
