4.623798774190171343e+02
4.392677068595205583e+02
4.889520076848964436e+02
4.063892732137890107e+02
4.770717323183037024e+02
5.108679717509340321e+02
6.048668003002626392e+02
6.231428966647636116e+02
4.730495380026069938e+02
4.513385347041352702e+02
4.893534593364544207e+02
3.975215678764080849e+02
4.878643970458707031e+02
4.892046630093165049e+02
4.799467239738621629e+02
4.772141162636033300e+02
4.825651307764550211e+02
4.564591815928359324e+02
4.402809365985875161e+02
6.131974973707609706e+02
