1.579820917998099048e+03
1.128697474649674632e+03
1.618177423781273092e+03
1.851931095122531815e+03
1.592368391553523225e+03
1.400432402464719416e+03
2.352142090172043936e+03
1.253042108261390695e+03
1.610738032084521365e+03
2.591629229671180838e+03
2.054474868077186329e+03
1.269011277990708322e+03
1.084787209034899661e+03
1.165269022960365419e+03
1.354372120586491519e+03
2.190442917879283868e+03
2.343500822913218599e+03
2.235251410581449818e+03
1.212013729602161220e+03
1.441801902218672922e+03
