7.108157180514765969e+03
7.286634105483264648e+03
6.473727640070054804e+03
6.686745068659287426e+03
6.186503848876256598e+03
6.923837233410662520e+03
6.816618931401770169e+03
6.888576267380930403e+03
7.206694344862959952e+03
5.682288431285585830e+03
6.480156078417822755e+03
7.020202404583155840e+03
6.742154166839659410e+03
7.274456243718636870e+03
6.880101916348054147e+03
6.745642345693110656e+03
7.004082026533612407e+03
6.717469712181820796e+03
7.267641852646018378e+03
6.492839858696566807e+03
