7.568286846580768724e+03
7.235653778243842680e+03
7.304219463367094249e+03
7.619056394647825073e+03
7.600797984568801439e+03
7.642725822312289893e+03
7.284423356112211877e+03
7.284590290125794127e+03
7.375535522920886251e+03
7.484292713028491562e+03
7.445031287402575799e+03
7.552054602469856945e+03
7.455729684161143268e+03
7.492773691702278484e+03
7.582471102845918722e+03
7.630221213880067808e+03
7.388225821745775647e+03
7.317760726552628512e+03
7.554536395694420207e+03
7.581829061462833124e+03
