6.538798698823554787e+02
3.858377192769934823e+02
1.303997784601802323e+03
1.612108203580432018e+03
1.255552139860544685e+03
1.384975214754000490e+03
1.769379301961522742e+03
1.404928920885547541e+03
1.212075806804171179e+03
1.354307613854881311e+03
6.667216568825713239e+02
1.229111070981075954e+03
1.323835054791796892e+03
1.037585121012112040e+03
1.731672117658709112e+03
1.895820963882471915e+03
1.261021093679820297e+03
1.704172930182958680e+03
1.243893221891409439e+03
4.244559970679136995e+02
