7.713453462853607562e+03
7.631007972693877491e+03
7.596266710052946109e+03
7.727880532144356948e+03
7.606338077554289157e+03
7.706218796622654736e+03
7.612736145166368260e+03
7.621220987389222500e+03
7.654094557636193713e+03
7.660842611186901195e+03
7.656314047899455545e+03
7.575327030935242874e+03
7.633129431098112036e+03
7.668638601951087367e+03
7.660570021230116254e+03
7.673407611223920867e+03
7.553495275039458647e+03
7.583344302297412469e+03
7.624680378192679200e+03
7.656843862013869511e+03
