7.303369393027004662e+03
7.463767657296302787e+03
7.352203234170001451e+03
7.509225034163287091e+03
7.539658286802590737e+03
7.463155236495259487e+03
7.435401083546352311e+03
7.475952350851330266e+03
7.474465352334153067e+03
7.493648922647979816e+03
7.374299839374302792e+03
7.509845738563011764e+03
7.441143307887388801e+03
7.542647471546305496e+03
7.602436847501555349e+03
7.429891335679454642e+03
7.479205618714273442e+03
7.428200159576995247e+03
7.387907579963833996e+03
7.560633296531575979e+03
