6.109092573350183557e+03
6.024443587696654504e+03
6.137763574408429122e+03
6.006367015780168003e+03
6.301535406891921411e+03
6.030082520840703182e+03
6.045916821186209745e+03
6.234824290105195360e+03
6.245267557876415594e+03
6.020095451765614598e+03
6.070140386431859042e+03
6.097290254507002828e+03
6.071800578700815095e+03
6.022765259880124177e+03
5.942043571808802881e+03
6.203567204453062004e+03
5.938523813340672859e+03
5.771560330145151966e+03
6.168204441935820796e+03
6.220371962950230227e+03
