5.434947355004545898e+03
5.611949019963532010e+03
5.468134392771793500e+03
5.448786169511824482e+03
5.722614366179138415e+03
5.670806114999675628e+03
5.445310775810803534e+03
5.632684989353085257e+03
5.760299316826016366e+03
5.105699161172136883e+03
5.644934464200407092e+03
5.279474432329907359e+03
5.512711454244754350e+03
5.099073582270900260e+03
5.643825979693271620e+03
5.402085878205891277e+03
5.368902790659596576e+03
5.352697460140158000e+03
5.559785622541214252e+03
5.634476142702181278e+03
