6.770018986497195328e+03
7.153172144077198027e+03
6.980783971235669014e+03
7.016750844443762617e+03
6.668531540374210635e+03
6.932761848231332806e+03
6.938650773962440326e+03
6.884306201589692137e+03
7.176756498374180410e+03
6.957544387915864718e+03
6.784789405217920830e+03
6.705336579545028144e+03
7.096924304892185319e+03
6.903980960442498144e+03
6.862397148704430037e+03
6.938604526477516629e+03
7.133165136891489965e+03
6.756695885168796849e+03
6.680591982694862963e+03
6.465277035399366468e+03
