7.075873744089925822e+03
7.310414484709674070e+03
7.140357425755588338e+03
7.245502778955869871e+03
7.398880492277306075e+03
7.290145719693105093e+03
6.978994581928309344e+03
7.513160872879947419e+03
7.592218393884650141e+03
7.273712241771529989e+03
7.506978260970158772e+03
7.184490480955617386e+03
7.072617545215423888e+03
6.907808914390627251e+03
7.261590425681945817e+03
7.346469446093565239e+03
7.317068567470164453e+03
7.281875332442083163e+03
7.280080768929319674e+03
6.961991016455142017e+03
