5.531429822167124257e+03
5.320817865942653953e+03
5.655908669014970656e+03
5.620482589030450072e+03
5.603229642933129071e+03
1.307534555727295583e+03
5.632242164162634253e+03
5.591704067339735047e+03
5.659378440518474235e+03
1.157839718880847158e+03
5.546738119442634343e+03
5.495915691954476642e+03
5.397082455235366069e+03
5.532783591916508158e+03
5.488401990741476766e+03
5.368211247424354042e+03
5.677048095878187269e+03
5.638728981834726255e+03
5.854640241691544361e+03
5.795994219692560364e+03
