3.369918876052422547e+03
1.944352005963797637e+03
3.370004282155048259e+03
3.375074410672929389e+03
3.006230998572565568e+03
3.400196366983058851e+03
2.283298072181585212e+03
2.129840826660910352e+03
3.399173838268860436e+03
1.245245495695605086e+03
2.012112203728526310e+03
1.792275903167504111e+03
3.358737299790760517e+03
3.352550465352651827e+03
1.312893321068208024e+03
2.112633182826714801e+03
3.396631103972584242e+03
1.950420543420017339e+03
1.955720702595883040e+03
1.618865421339327213e+03
