6.586978169643923593e+02
3.253344440075089778e+02
7.671200281831791017e+02
5.613345244996387464e+02
6.400344744768741521e+02
5.738681410129200913e+02
1.070882416212099770e+03
5.667119471456016981e+02
6.376132170070417260e+02
6.565691085575285797e+02
5.331855544766916637e+02
7.331320503439391132e+02
5.455545000419041344e+02
7.431307275858779349e+02
7.306755364884551227e+02
5.411128176379282877e+02
6.920205509506698718e+02
6.556436964269713599e+02
5.076045249431865614e+02
9.576958639932689721e+02
