3.230234564773226793e+03
3.259721185726263229e+03
1.789459903344984241e+03
1.707053076959593909e+03
3.269537742768144199e+03
2.564619894518409637e+03
1.954862038603701649e+03
3.282251035393928305e+03
1.385075669051743716e+03
1.467650541927539052e+03
2.248893388324269381e+03
3.270358052515660347e+03
3.266972425801092868e+03
2.839818281370658497e+03
3.240387049338070028e+03
3.276258238769437867e+03
2.294067243757096549e+03
3.233330486934932196e+03
2.118690692110340478e+03
2.512915711163071592e+03
