5.117142826193319820e+02
5.104640612601736507e+02
6.511537374923084371e+02
2.717766400670858502e+02
5.355896687887719736e+02
5.388780369066045068e+02
6.580334800433021201e+02
5.103897853491591832e+02
4.951139399362974700e+02
5.538265020802558638e+02
5.365113415343221277e+02
6.499320985209211585e+02
6.028507995410512876e+02
2.701010521675779614e+02
5.081046056694041795e+02
5.400212982913016049e+02
5.581251915125383221e+02
6.507478337340743337e+02
3.131098128158832878e+02
5.422192587660152867e+02
