3.076635397769534848e+03
3.118094107527058441e+03
3.075449355139993258e+03
3.081848774592230257e+03
3.087521469900714692e+03
3.085900559810097093e+03
3.085197250247220381e+03
3.118309922117676251e+03
3.110497238669237049e+03
3.099301982798080189e+03
3.102671120556142796e+03
3.097549066573386426e+03
3.117518062729431676e+03
3.089640972243103079e+03
3.223760764308983198e+03
3.084173329870612633e+03
3.088129917647414459e+03
3.125285161916202469e+03
3.162812618636351999e+03
3.080603959324229436e+03
