4.938469097281846985e+02
5.091734360367690329e+02
4.955620712064023223e+02
5.412747575881891180e+02
5.110455368503363047e+02
4.954535626800329737e+02
4.965252037630778545e+02
6.070378624615899525e+02
5.566307809338658217e+02
5.110982965923107599e+02
5.556045448134279923e+02
5.308191352853355056e+02
5.256107228700275300e+02
5.257948766879046616e+02
2.838133516333361968e+02
5.662163934002014685e+02
5.120275728655037710e+02
4.779604770201105453e+02
4.931192560112041292e+02
5.166667170841823236e+02
