4.511224445306265807e+03
4.352310545275216100e+03
4.454839890357862714e+03
3.934901508675545301e+03
4.101413778947410719e+03
4.165232249143846275e+03
4.010641298696120884e+03
3.990455337823310401e+03
4.309567382381323114e+03
4.454186216046468871e+03
1.958036802709971880e+03
4.376750952181741923e+03
1.458951556744693789e+03
4.120270738810771945e+03
4.349794539303270540e+03
3.942916275765192495e+03
2.251768620220720550e+03
4.193602598737728840e+03
4.234439072723996105e+03
4.641542441297523510e+03
