4.941953310737559150e+03
4.920436736741879940e+03
4.810200354469450758e+03
4.911864693137458744e+03
4.698342921609802943e+03
4.943449674773093648e+03
4.542842859665463948e+03
4.892032209309813879e+03
4.558992734263367311e+03
4.767709197448548366e+03
4.992821708168348778e+03
4.452387167080649306e+03
4.641548451167657731e+03
4.979943465236360680e+03
4.670206029663250774e+03
4.691454181020263604e+03
4.783370192904215401e+03
4.677215991775868133e+03
4.607165562266362031e+03
4.558799800440101535e+03
