4.558992878345614372e+03
4.694675830804539146e+03
4.644449585016149285e+03
4.661244221111727711e+03
4.700842271768951832e+03
4.707367759236170969e+03
4.655315419280476817e+03
4.824771309392916010e+03
4.742716824377635930e+03
4.742281002970625195e+03
4.630197089692890586e+03
4.639825679677169319e+03
4.795162430451661749e+03
4.561357065335348125e+03
4.682997220714202740e+03
4.615866203847505858e+03
4.700296143002243298e+03
4.635015551244106973e+03
4.585033130468209492e+03
4.637535416355534835e+03
