6.724314353592109228e+02
2.333237979778455156e+03
3.481384058151332283e+03
2.245466307221797251e+03
1.335960986710383850e+03
2.811613541610422999e+03
3.423486704431646103e+03
3.550326427171054092e+03
3.500159422265002377e+03
2.809846508367093520e+03
2.231336225912395548e+03
3.526844832392926946e+03
1.284333001031915501e+03
2.193226583232975372e+03
2.895825482297811959e+03
9.672528877935458240e+02
3.478984843509528673e+03
1.293971554131559060e+03
3.400696971452746311e+03
3.456241067187768294e+03
