3.122499900597547366e+03
3.125927186107728176e+03
3.106889605061836392e+03
3.093941863762838238e+03
3.130611877417135929e+03
3.091490273524967506e+03
3.088651093934603068e+03
3.046052077798019582e+03
3.116835115558894813e+03
3.098684830653988683e+03
3.100852468305316506e+03
3.132157261249724343e+03
3.125670740558235593e+03
3.122583105544028058e+03
3.115317134378226910e+03
3.115726321940667731e+03
3.060337945402177866e+03
3.112397863135694479e+03
3.098524291028898460e+03
3.095018772179239022e+03
