8.553430816124662215e+02
1.394615504345974159e+03
3.391194881012171663e+03
3.322443790135482686e+03
3.470673160863809699e+03
3.448399858228751782e+03
3.362958002532270257e+03
3.347997902406438698e+03
3.306586961764327953e+03
3.366929325193144905e+03
1.703013454188188007e+03
3.356138978464418869e+03
3.406953988699326601e+03
3.358719005506505255e+03
2.804283668310202302e+03
3.352729632110527291e+03
3.380963797633969534e+03
2.291042368493399863e+03
1.564640760597899316e+03
3.349640204675204131e+03
