6.969301491283328005e+02
7.582322633412293271e+02
6.996448976468975616e+02
7.708009999870265574e+02
9.021570528053664475e+02
7.468750924149467210e+02
7.108466638880242954e+02
7.773556392776561097e+02
7.109391660045093886e+02
8.158910793959057628e+02
7.772302128032617929e+02
8.447329164119491907e+02
7.363005694828912056e+02
7.963050486153692873e+02
7.717396858383672225e+02
8.103563339386734015e+02
7.445526671729955979e+02
7.910150096040209746e+02
8.253428331254775685e+02
1.126196398831459874e+03
