3.221553495729998303e+03
3.221451160371414517e+03
1.668494590490004839e+03
3.200965131996082619e+03
3.230724812702984309e+03
3.226110982182312000e+03
3.319698545789007312e+03
3.335121453555002063e+03
3.173581903876540764e+03
1.577831436334599175e+03
1.696370468884832917e+03
3.227221862936964953e+03
3.118157344093478969e+03
1.929949006788838233e+03
7.875672577425973486e+02
1.395225547718286862e+03
1.521384026571868162e+03
3.205666265738135280e+03
3.285150269491576637e+03
9.149831706555243045e+02
