8.412856243420832243e+02
6.960401235923399099e+02
6.738746299142419502e+02
9.914923282463604437e+02
6.572562226895353206e+02
7.855132872261110606e+02
2.765515028051732315e+03
8.846080798080366776e+02
3.350894800614862561e+03
7.488192803731910772e+02
3.320910497626084180e+03
9.690910812061206343e+02
7.361217902620862787e+02
8.423113417660911182e+02
3.322912334167082008e+03
7.583159061242696453e+02
3.343254305526372718e+03
7.032216719408046401e+02
7.352673607748478162e+02
3.307114308181598972e+03
