3.204804170665978745e+03
2.124279681328702281e+03
1.632988749278146997e+03
3.285744102947291140e+03
1.070322464523153940e+03
1.477801056403572829e+03
7.697408104050798556e+02
9.498242579423103962e+02
1.730254941234604303e+03
3.208762019050181152e+03
1.709883349145178272e+03
1.071371015104113667e+03
2.831600320965187620e+03
1.094626478042272765e+03
1.947687636089392299e+03
2.958983106670131292e+03
3.156425065246411123e+03
2.386277646377558540e+03
2.860042465249380257e+03
1.494806272351920143e+03
