5.671637269887503408e+02
6.958652738536617335e+02
6.945320587585794101e+02
8.193249074116451993e+02
5.411256460925275178e+02
5.993311668061506907e+02
5.674468914904181247e+02
6.840907718261237278e+02
8.829335654344372415e+02
6.271644068307110729e+02
6.595462130956050260e+02
9.527977297298072017e+02
6.330891513656681582e+02
8.123141198318821807e+02
6.896267723256218005e+02
7.085412574292405452e+02
5.637466641783673822e+02
8.431256702573812163e+02
8.029981095631144399e+02
5.294476201551860868e+02
