8.405072857203706462e+02
3.791406308673883814e+02
3.114334638015317978e+03
2.285598809093179682e+02
5.965495220583328546e+02
3.818683762562972106e+02
4.719288729912573785e+02
3.826017208766680824e+02
2.608105889139201850e+02
2.708666060899248578e+02
4.023189199804541545e+02
4.645462066811484192e+02
5.452749512508432872e+02
9.341998931049371322e+02
2.472055372073418766e+02
3.050786974607978550e+02
3.314573625464274187e+02
1.473616355297532664e+03
8.361860528699320412e+02
3.464283336665115485e+02
