3.311679914617420764e+03
3.316482721565957945e+03
3.288942558392976935e+03
4.910634543801405130e+02
3.317061629369954062e+03
3.323045294961034870e+03
3.271403917692031882e+03
6.136840729673066335e+02
3.344421463831815799e+03
3.383028896293175876e+03
4.115494067614789628e+02
3.337434282019613420e+03
5.512382248828384945e+02
3.707683683927161837e+02
3.317284878081855368e+03
6.241610237107371404e+02
4.217086834299554994e+02
1.008221214274335352e+03
3.497692599906592932e+03
3.373181170870178903e+03
