3.251155543681312338e+03
3.159974367024034564e+03
1.056455548494138156e+03
1.468303986912237633e+03
3.818141990277305240e+02
3.247711379488179318e+03
1.309612802174512126e+03
3.271589784688047985e+03
1.740618905598414131e+03
7.343690807935430485e+02
5.326324349336156274e+02
6.322016573029716255e+02
3.218648217544632644e+03
3.226383578661610045e+03
4.390791045630599001e+02
3.173977488186903884e+03
5.267972969238064707e+02
5.367276620024913427e+02
8.090892402437453939e+02
6.128739373701653221e+02
