3.452472523442328111e+03
1.153808960982356211e+03
3.070732167497321257e+02
1.575479391740861729e+03
3.454844790391687184e+03
3.536912804068786045e+03
3.318173045532472315e+03
3.472435707185350111e+03
2.098193266359439804e+03
3.477928600955214733e+03
3.426816367756902764e+03
7.846336593691651160e+02
3.474104101728090427e+03
8.002928806705054967e+02
3.468112232419949123e+03
1.674085732532752218e+03
1.162305857735376549e+03
3.466320005104450502e+03
3.510998482196725490e+03
3.511866744340484729e+03
