1.035650584776239612e+03
2.597916916940318060e+03
1.920462175925396878e+03
1.152771130147092663e+03
2.696729764634469120e+03
2.123339420831689495e+03
1.177664256289339164e+03
1.014954327282056056e+03
2.356530899377161404e+03
1.627392150872299680e+03
2.183074750576754468e+03
1.892622634487529012e+03
1.624280994404325838e+03
1.707517311309246679e+03
5.427746248179977329e+02
2.721638672488002157e+03
1.043358901759190758e+03
1.600102537220918521e+03
2.244816871496592285e+03
1.723790630690720945e+03
