1.862943648203658995e+03
1.451329651356961904e+03
7.421740048920518120e+02
1.012758826390970853e+03
1.545476423899933025e+03
9.980789699534640249e+02
2.378720294683245356e+03
1.457592242242828206e+03
1.131677986248943853e+03
9.809103881483721352e+02
1.592683177389083539e+03
1.107732463650899490e+03
1.320527984441887156e+03
1.064058116973449160e+03
1.673575150745771680e+03
3.067163717694688785e+03
1.924779968150595323e+03
1.384334944164895205e+03
1.068547471168090169e+03
1.440320217378080997e+03
