9.588134164681753191e+02
6.413737241034228873e+02
6.635184525035007255e+02
6.551883417371113865e+02
5.228883970028815611e+02
6.615180444512761824e+02
7.756139972480609686e+02
6.880057723636959963e+02
6.791866534646195532e+02
6.905747237234357954e+02
5.742405373480963817e+02
7.579776182432933638e+02
6.171823493814792982e+02
7.598071876356649454e+02
4.325309295437501760e+02
1.388136579049431475e+03
7.723812707438123653e+02
8.628967309273239152e+02
1.106434885162787396e+03
7.041718024206387554e+02
