3.179638474677407771e+02
5.710504441427284519e+02
2.231520782620852060e+03
2.858812489014529547e+03
6.691051079485288255e+02
2.334889103848150626e+03
2.087274502043087068e+03
1.559949507094523824e+03
1.188960373502419088e+03
4.222771712430030107e+02
8.697320228847153203e+02
3.034577636974156121e+03
7.176665630959753344e+02
8.090987663350827006e+02
6.338887560991975079e+02
2.406960031983890531e+03
9.775258575472545317e+02
1.856859114061631089e+03
2.290842739556279412e+03
1.432695374915305820e+03
