3.906136038191636999e+02
3.661297487901833279e+02
4.129908978592666244e+02
3.884749686990271584e+02
3.972198091296490929e+02
3.592326285461433599e+02
3.769602595629212374e+02
4.074820740178199685e+02
4.410393915699743275e+02
3.666963132756932850e+02
3.802537355147984499e+02
3.628537056069642404e+02
3.738123354093211219e+02
4.351546941900950287e+02
3.736236848365755350e+02
4.464286411093729043e+02
3.904334975264156924e+02
3.925650923215529815e+02
4.014236572476919491e+02
4.036735734640495821e+02
