2.838335637116188536e+03
2.818360981436005659e+03
2.816088689172565864e+03
2.830117585742652409e+03
2.825133403584476127e+03
2.828500396559461933e+03
2.947476347759777582e+03
2.832646294879221841e+03
2.832365341210520455e+03
2.825960044756183379e+03
2.846841364707672255e+03
2.825075730941844085e+03
2.810723335688995576e+03
2.807659497597592690e+03
2.847493730967861666e+03
2.828488155673704568e+03
2.835911369935577113e+03
2.831643665828160465e+03
2.844490753119679084e+03
2.820282699004314054e+03
