6.400465740260854545e+03
6.420482366760903460e+03
6.380462847723172672e+03
6.334353180647985937e+03
6.589637949745752849e+03
6.311438877546606818e+03
6.218620244059612560e+03
6.330122660490686030e+03
6.424697401637884468e+03
6.528198060079030256e+03
6.382249141236489777e+03
6.400210511938867057e+03
6.418770567202121129e+03
6.310599877916308287e+03
6.421583575501947962e+03
6.208364208179589696e+03
6.424852776405213262e+03
6.602676959934025945e+03
6.375984604878995015e+03
6.288272082368807787e+03
