6.144756219354511813e+03
6.264858000162862481e+03
6.186722458284410095e+03
6.325774564052097958e+03
6.230974030983975354e+03
6.416534107942241462e+03
6.336771908709094532e+03
6.181786454487801166e+03
6.153180310388017460e+03
6.115536746159787072e+03
6.099450221129194688e+03
6.139902559465655031e+03
6.246094897732294157e+03
6.040832176236864143e+03
6.144115019741607284e+03
6.172369430111906695e+03
6.169116683556085263e+03
6.385311943069471454e+03
6.313792663091505347e+03
6.219083122095912586e+03
