6.400010273621545821e+03
5.878033212114023627e+03
6.072575867684247896e+03
5.971524813986135086e+03
6.200680777541538191e+03
6.341740713533607050e+03
6.418814122361983209e+03
6.120567126730544260e+03
6.097490645015884184e+03
6.149123875846275951e+03
6.408794107691417594e+03
6.294485086344495357e+03
6.365441234604159035e+03
6.166406247971985067e+03
6.074150951639463528e+03
6.420910723097084883e+03
6.383294566237376785e+03
6.156204161873143676e+03
6.385203403597581200e+03
6.432718483362274128e+03
