6.209263027825731115e+03
6.061053782706714628e+03
6.373486731315780162e+03
6.334355670171234124e+03
6.368276494919925426e+03
6.276551652654323334e+03
6.357267380919097377e+03
6.328663622543104793e+03
6.287737555492383763e+03
6.441746624242412508e+03
6.335885570692482361e+03
6.572868061706447406e+03
6.096932845239992275e+03
6.355824040361449988e+03
6.293547389531359840e+03
6.242750006915607628e+03
6.457116356223441471e+03
6.447674788980913036e+03
6.546885039113983112e+03
6.243308360387200082e+03
