8.377701575048984523e+03
8.592245001475203026e+03
8.526109686859137582e+03
8.666975187448431825e+03
8.908866195761911513e+03
8.712823382469334319e+03
7.967593721918345182e+03
8.928708461925512893e+03
8.935511279338226814e+03
8.352542651293317249e+03
8.661446437506911025e+03
8.122954372838295967e+03
8.560509102663625526e+03
8.392262382383407385e+03
1.891479068287979999e+03
8.288004562765665469e+03
8.833912132820090847e+03
7.567670867569090660e+03
8.591653888947734231e+03
8.802778548714995850e+03
