8.565525736565567058e+03
8.474806758041484500e+03
8.425805317574189758e+03
7.081797961430828764e+03
8.669131823905521742e+03
8.706179167095588127e+03
8.828866893603237259e+03
8.684225893774673750e+03
8.535853225532218858e+03
8.456074004792613778e+03
8.691845942118798121e+03
8.745421209423735490e+03
8.614576669117093843e+03
8.426291765202589886e+03
8.605799170926276929e+03
8.449014732990910488e+03
8.710113793606582476e+03
8.676374513930782996e+03
8.721017812592361224e+03
8.810546600789384684e+03
