6.351926664092624378e+03
6.479683494752876868e+03
6.391940346743312148e+03
6.350958318963412239e+03
3.733293494991914940e+03
6.368746503080257753e+03
6.453000364960607840e+03
6.496063034599709681e+03
6.468049923660856621e+03
6.552762465105764932e+03
6.374373545129312333e+03
6.580141388205931435e+03
6.302819271357387152e+03
6.318036305601087406e+03
6.450699132154334620e+03
3.548932487635587222e+03
6.448592354508914468e+03
6.404020362572585327e+03
6.522739439122650765e+03
6.370705261817551218e+03
