6.593333111788251699e+03
6.530394605127125942e+03
6.768934009996262830e+03
6.609887708335287243e+03
6.765108542132254115e+03
6.716199065070697543e+03
6.723749251818220728e+03
6.740885574554549748e+03
6.704224035398678097e+03
6.577908875061822982e+03
6.658859436660475694e+03
6.698339988351064676e+03
6.717678783556817507e+03
6.621541147175565129e+03
6.585523445280779924e+03
6.615540306071830855e+03
6.618449347788653540e+03
6.693419856905999950e+03
6.758994568259479820e+03
6.687354228691063327e+03
