6.930878899903195816e+03
6.975273374797659926e+03
6.860065539417168111e+03
6.808111387282565374e+03
6.666077035306285325e+03
6.704559670078388081e+03
6.800966929603091558e+03
6.863149137643405084e+03
6.733047249576209651e+03
6.718698677318887349e+03
6.878023065791118825e+03
6.731194923505157931e+03
6.935840148294244500e+03
6.847835155104716250e+03
6.755725162999730856e+03
6.870362885412521791e+03
6.806813223049163753e+03
6.747797601499244593e+03
6.899637767193133186e+03
6.809553762668429954e+03
