2.306666487059267183e+03
2.250708722687184945e+03
2.262978221525737354e+03
2.259718355548373438e+03
2.244046007348230887e+03
2.294796973547425296e+03
2.256141156423505436e+03
2.281142663719061602e+03
2.324366587860883101e+03
2.222138656177177836e+03
2.253582401340602701e+03
2.242162226599347832e+03
2.199769052961882153e+03
2.228181107881364369e+03
2.221921850594201260e+03
2.283453268570882301e+03
2.230439546098495157e+03
2.264533611434081649e+03
2.167175105946405438e+03
2.332826180852960533e+03
