2.368658720835187978e+03
2.291222822916236510e+03
2.301490172314139272e+03
2.337742858372243518e+03
2.362816449467371513e+03
2.249075759282334275e+03
2.370234496228104490e+03
2.332504028208005366e+03
2.268070799975976115e+03
2.367203865965103432e+03
2.347790755159648597e+03
2.267466577558090648e+03
2.351146034108465301e+03
2.324795307776141271e+03
2.322080987002247639e+03
2.305361263675109058e+03
2.318625360824917607e+03
2.296213664073069594e+03
2.350414727258436869e+03
2.363265908772563307e+03
