1.098947302396097257e+03
9.040533165323904541e+02
7.090846175238533533e+02
8.939547021427180198e+02
9.410835242996305396e+02
1.029411731146637067e+03
9.516311218609055231e+02
9.402574980871871730e+02
1.466673921452045306e+03
1.017788926925245050e+03
1.022465685763711122e+03
9.417317743713771279e+02
9.316216510853412274e+02
1.060403546161693612e+03
1.066350427726374164e+03
9.778712282705703274e+02
9.107378805959931469e+02
9.556164332500484306e+02
9.844993898608690870e+02
1.029074384757606595e+03
