7.257624729293754626e+02
1.216924269424876911e+03
1.325881390390121624e+03
3.312196221976543598e+02
3.377014354592463405e+02
8.593114103963363277e+02
6.875760243412604495e+02
8.481596523544211550e+02
1.212554107027672899e+03
6.299038914740496011e+02
1.187370542945989769e+02
5.854035788345158835e+02
6.361026155719179087e+02
9.070021668226597740e+02
4.855432094467701631e+02
7.908100909728476609e+02
5.996433027733226027e+02
1.073289351050874529e+03
3.269025532790954571e+02
7.153306372069077952e+02
