7.659555680928162928e+02
1.354581259527217526e+03
1.386416400291413993e+03
5.746415923335938487e+02
7.286038744757452150e+02
8.161119644022143120e+02
1.328625697842884620e+03
2.087819377934165459e+03
1.837968158968445778e+03
1.083519963140765412e+03
6.510308596410718565e+02
1.262317496980612987e+03
9.495877084023424004e+02
5.057022410945507431e+02
1.086146772428766781e+03
1.153150326816768484e+03
1.053870287925988350e+03
8.091669221281880482e+02
6.697238021985243677e+02
7.203405627876636572e+02
