3.634785724382743865e+03
3.498091431629388353e+03
3.613952825553353705e+03
3.589592169120766357e+03
3.602973545497097803e+03
3.586136729646944787e+03
3.623757022833219253e+03
3.601340079741797126e+03
3.592222567398550837e+03
3.624018637136970483e+03
3.619665068779076137e+03
3.544303543521370557e+03
3.568908096656578891e+03
3.565436023103812659e+03
3.625059128542140115e+03
3.606327113778182593e+03
3.624551323200931165e+03
3.591603568484563311e+03
3.637542877816992132e+03
3.633302651833665095e+03
