4.182501185161856938e+02
2.097565334076079125e+03
1.378966020090381789e+03
1.623097826359993860e+03
6.479345544506838905e+02
3.080294614630723117e+03
1.552400027808988398e+03
2.250130087443933917e+03
2.112260807172160639e+03
1.982574860474057232e+03
2.343784956441041686e+03
1.979904396309806998e+03
1.628786921131856161e+03
1.421475887663841831e+03
1.692961845050706415e+03
2.188136899894203907e+03
1.577399312342210578e+03
1.581021848121612948e+03
1.330968052690795503e+03
3.550093921692176082e+03
