2.897678092215405741e+02
7.437121448999282620e+02
4.716585241187758584e+02
7.174187522809559141e+02
5.455495786120800403e+02
4.384100932006720086e+02
4.767035701329133985e+02
3.193847065022598599e+02
4.818864855137233576e+02
5.085180209170187595e+02
5.293197203112480338e+02
2.987593954669030722e+02
1.269437030449894195e+02
5.370939983810766307e+02
1.649172899184402468e+03
5.014572379103564685e+02
5.616800257568376082e+02
4.640271195577126946e+02
4.022846707644279718e+02
4.933015532346947225e+02
