1.034174980656269099e+03
2.114264512279582050e+03
7.042236443678821445e+01
3.135512314453274485e+03
1.068616994077230402e+03
3.507208286545809187e+03
1.072208097441740847e+03
1.054233119431177556e+03
1.034659386726644243e+03
1.382639768230081700e+03
1.050424316382362804e+03
7.451709252639713554e+01
3.561671960703829427e+03
1.068249660997371620e+03
1.246633594897603416e+03
1.021904082407413966e+03
1.713833144911325917e+03
2.456798705153289575e+03
2.854551109120692217e+03
1.390748401955615691e+03
