3.207116863260778246e+03
5.667941966242801755e+02
1.354722403264818922e+03
3.167228702748392607e+03
5.945385308615742588e+02
2.004793426137622419e+03
3.356829762885109176e+03
9.068340598110212341e+02
3.230265435230535331e+03
1.318403540710835671e+02
3.157274176319222079e+03
3.208621479574369459e+03
8.735410066117190127e+02
1.183989532573025599e+03
1.283384982820030871e+02
3.268230383915504262e+03
1.333976251170725789e+02
1.294607208548695496e+02
3.226626339361228020e+03
3.229122758612715643e+03
