3.293818529853454493e+03
3.312232910702323807e+03
3.258622263567951450e+03
3.285518851826625905e+03
3.275311399287557379e+03
3.224067982514105097e+03
3.294250854529087519e+03
3.234155464032775853e+03
1.353375022858678562e+02
3.304672472171434492e+03
3.273243023680573515e+03
3.281875942084409871e+03
3.262956739782862769e+03
3.282859220156615265e+03
2.926820775767149371e+03
3.243870151305423406e+03
3.269266626605010515e+03
3.277657095360073527e+03
3.285596176280834243e+03
3.283993311505076235e+03
