3.509892605613938940e+03
3.385016750566312112e+03
3.399922467836170654e+03
1.558649810088502591e+03
2.377492528867866895e+03
2.199570577783423232e+03
3.409581899075229558e+03
2.989496042997007862e+03
2.045945672040589443e+03
2.819329181655170942e+03
1.477558258009155224e+03
3.151628454972939835e+03
3.366300052312830303e+03
8.058018316869383852e+02
1.736309553945366815e+03
3.615456240890088338e+03
1.434647081547024982e+03
3.508803239630221015e+03
1.747831278689561486e+03
1.478138583743553909e+03
