3.405205857336606641e+03
3.321499009720209415e+03
2.991458303644033549e+03
3.423679798136412956e+03
3.446940649847848363e+03
3.290485149526449732e+03
1.920788787936114886e+03
3.464705485965148910e+03
3.458913000243377610e+03
3.442929141441964475e+03
3.462203242724997835e+03
3.413249448783617936e+03
3.496737002498747188e+03
3.445783395740760625e+03
3.504538223721143822e+03
3.351239262751868864e+03
2.802486407766944922e+03
3.346575191280429863e+03
3.455318313132679577e+03
3.436934986590905282e+03
