1.743328626869436448e+03
7.884170320892591235e+02
1.459292925571266551e+03
1.643928666902407940e+03
1.867222220874034747e+03
8.633405335199347519e+02
1.158560214121994250e+03
1.026633352262608469e+03
8.450520668826364954e+02
9.460419997768902931e+02
1.047421609950846914e+03
1.199094600355650300e+03
8.084677993998955117e+02
8.072670075447567797e+02
1.967097145290998924e+03
1.716942218135312714e+03
9.581131558531626524e+02
1.501046532861182413e+03
2.099784723360571661e+03
1.022121631374380399e+03
