3.374248065004198907e+03
3.114479066519980734e+03
3.435155571123535992e+03
3.372583861948432514e+03
1.833524984395445927e+03
3.331958692014908593e+03
3.401106892222210718e+03
3.332470185852175291e+03
3.406163734367980851e+03
3.365272798333409810e+03
3.389820100124029977e+03
3.379901828291492620e+03
1.757161252832268246e+03
3.344959774552194176e+03
2.375748356239728309e+03
3.319638523747959880e+03
2.562027151638958003e+03
3.187216450981171874e+03
3.340401805260030869e+03
3.427099717437282834e+03
