5.001225113114564010e+03
4.815477191741868410e+03
4.633961268429500706e+03
5.105879187438670670e+03
4.851396738835722317e+03
4.754090121295899735e+03
4.865937322018893610e+03
5.038482052195618962e+03
4.763090510448675559e+03
5.161562761919719378e+03
4.122542869763519775e+03
4.916636020276325326e+03
4.786283495633071652e+03
4.708814896566291281e+03
3.427301031109836913e+03
4.932584202440179070e+03
4.874780339828736032e+03
4.787865653893730268e+03
4.699979839975824689e+03
4.946946540510729392e+03
