4.729971249030179024e+03
4.973097943059683530e+03
5.118442795979021867e+03
4.901773905359486889e+03
4.919242670188402371e+03
5.000284979886037036e+03
4.801119987678937832e+03
4.922772536444481375e+03
4.891745124748018497e+03
5.066099686450777881e+03
4.932174590277495554e+03
4.725508515976084709e+03
4.947703210080085228e+03
4.917057864873656399e+03
4.859427527807746628e+03
5.016974744146144985e+03
4.969020317087154581e+03
4.966788584519988035e+03
5.133754062643483849e+03
5.015210009198699481e+03
