3.643618089508880189e+02
3.564578672450419390e+02
3.570470628553639472e+02
3.618354927349519699e+02
3.526916628742318949e+02
3.588604814896933135e+02
3.586793664589522450e+02
3.625219429428192939e+02
3.596202688740242479e+02
3.549571293303324637e+02
3.602206306798747164e+02
3.593998324277690131e+02
3.617574399178069484e+02
3.602689576328996282e+02
3.656633965419098331e+02
3.579242617133554063e+02
3.545770492050331200e+02
3.621432964219417272e+02
3.556371278449789770e+02
3.673040643825700613e+02
