2.057145485871854817e+03 5.805695178770945404e+02 4.560000000000000000e+02 0.000000000000000000e+00
5.843499689196504505e+02 5.561948010802941411e+01 1.830000000000000000e+02 0.000000000000000000e+00
5.585195695719945661e+02 2.648823263310201526e+01 2.040000000000000000e+02 0.000000000000000000e+00
5.526589285788309098e+02 3.856257479717159953e+01 2.070000000000000000e+02 0.000000000000000000e+00
5.446216716653793810e+02 3.253967930727849733e+01 1.780000000000000000e+02 0.000000000000000000e+00
5.315476577398219433e+02 3.171791093652218763e+01 2.000000000000000000e+02 0.000000000000000000e+00
4.483412482618026615e+02 3.533444940971152448e+01 1.650000000000000000e+02 0.000000000000000000e+00
4.089269809318623174e+02 2.818554728926713793e+01 1.480000000000000000e+02 0.000000000000000000e+00
3.693787753718985414e+02 1.607105238344388809e+01 1.430000000000000000e+02 0.000000000000000000e+00
3.627135469459500428e+02 1.246142183031989958e+01 1.390000000000000000e+02 0.000000000000000000e+00
3.526918246037542986e+02 1.294690787543731503e+01 1.380000000000000000e+02 0.000000000000000000e+00
3.507056291237020673e+02 1.004936599150502197e+01 1.380000000000000000e+02 0.000000000000000000e+00
7.337084294508691755e+02 5.608106529945759178e+01 2.290000000000000000e+02 0.000000000000000000e+00
6.350145638091632918e+02 4.885609437398475308e+01 2.330000000000000000e+02 0.000000000000000000e+00
6.964040267906383406e+02 1.312167145350667568e+02 2.080000000000000000e+02 0.000000000000000000e+00
7.337395552065670472e+02 1.064680897362484586e+02 2.760000000000000000e+02 0.000000000000000000e+00
6.411446698472069556e+02 4.298388752321783102e+01 2.380000000000000000e+02 0.000000000000000000e+00
6.004509692170519202e+02 2.243242665008635583e+01 2.070000000000000000e+02 0.000000000000000000e+00
5.586917072350195212e+02 3.530055683189091553e+01 2.050000000000000000e+02 0.000000000000000000e+00
4.727236440189689120e+02 4.151934646929679928e+01 1.710000000000000000e+02 0.000000000000000000e+00
4.128145488012542046e+02 2.863711725772208894e+01 1.520000000000000000e+02 0.000000000000000000e+00
3.929949442198151246e+02 1.313216631423562930e+01 1.550000000000000000e+02 0.000000000000000000e+00
3.800067303820203506e+02 1.404146277917862129e+01 1.410000000000000000e+02 0.000000000000000000e+00
1.105137536189989078e+03 2.933521321372982698e+02 5.820000000000000000e+02 0.000000000000000000e+00
1.142248781650085903e+03 3.259234427972072581e+02 4.180000000000000000e+02 0.000000000000000000e+00
8.881495799363343622e+02 2.347229722523903774e+02 2.830000000000000000e+02 0.000000000000000000e+00
9.189465802130968086e+02 3.808940875452254886e+02 2.540000000000000000e+02 0.000000000000000000e+00
7.560325678126586126e+02 2.069062636629832355e+02 2.060000000000000000e+02 0.000000000000000000e+00
7.561918303239265242e+02 2.243442954753558922e+02 2.120000000000000000e+02 0.000000000000000000e+00
6.294122569033269201e+02 4.140362700550262787e+01 2.190000000000000000e+02 0.000000000000000000e+00
5.458784026854704052e+02 6.723438129478714131e+01 2.120000000000000000e+02 0.000000000000000000e+00
4.834608543369199651e+02 3.786469402968687348e+01 1.670000000000000000e+02 0.000000000000000000e+00
4.368694513445072403e+02 2.770477468285742262e+01 1.590000000000000000e+02 0.000000000000000000e+00
4.097782188063697504e+02 2.632785887004931169e+01 1.650000000000000000e+02 0.000000000000000000e+00
1.626481516156134603e+03 6.668588152763232983e+02 5.700000000000000000e+02 0.000000000000000000e+00
1.558789405489514593e+03 5.488087658082832831e+02 3.090000000000000000e+02 0.000000000000000000e+00
1.625665411321455849e+03 6.542949977437864391e+02 3.850000000000000000e+02 0.000000000000000000e+00
9.879927782536600489e+02 3.372387825828731138e+02 2.360000000000000000e+02 0.000000000000000000e+00
9.209718477549401996e+02 4.086532725745154266e+02 2.160000000000000000e+02 0.000000000000000000e+00
6.303846283541054163e+02 1.564436288150208156e+02 2.150000000000000000e+02 0.000000000000000000e+00
5.354667666867974276e+02 1.011570408356402879e+02 2.780000000000000000e+02 0.000000000000000000e+00
4.936786520726142271e+02 5.897068350123743130e+01 1.990000000000000000e+02 0.000000000000000000e+00
4.470103408338351301e+02 4.267199149227122490e+01 1.530000000000000000e+02 0.000000000000000000e+00
4.079634429564735569e+02 1.364102918994746361e+01 1.470000000000000000e+02 0.000000000000000000e+00
3.975544720976522513e+02 1.167897659745830374e+01 1.420000000000000000e+02 0.000000000000000000e+00
2.091229124579781455e+03 8.769263202254809357e+02 4.070000000000000000e+02 0.000000000000000000e+00
2.719589574791723862e+03 6.878113465684299399e+02 1.000000000000000000e+03 0.000000000000000000e+00
2.690020485557538450e+03 6.699268078633170944e+02 4.140000000000000000e+02 0.000000000000000000e+00
1.994917505640521995e+03 7.984473479042168265e+02 1.000000000000000000e+03 0.000000000000000000e+00
1.170432793098628963e+03 4.086884293022030761e+02 4.030000000000000000e+02 0.000000000000000000e+00
8.771050128628901348e+02 6.531688180179301071e+02 1.950000000000000000e+02 0.000000000000000000e+00
5.889169033989977606e+02 3.238439611885546583e+02 1.690000000000000000e+02 0.000000000000000000e+00
5.072121958375544750e+02 7.914203344441790478e+01 1.580000000000000000e+02 0.000000000000000000e+00
4.840048713786479198e+02 5.240948173345825722e+01 1.510000000000000000e+02 0.000000000000000000e+00
4.385280532861955294e+02 3.564060791185919186e+01 1.470000000000000000e+02 0.000000000000000000e+00
4.408993313870413431e+02 6.600043482240904780e+01 1.400000000000000000e+02 0.000000000000000000e+00
1.268285133461567057e+03 4.773723054381754594e+01 3.810000000000000000e+02 0.000000000000000000e+00
1.264367403444827460e+03 6.589557052019939931e+01 3.790000000000000000e+02 0.000000000000000000e+00
1.717724328297959801e+03 7.566383059693495170e+02 4.160000000000000000e+02 0.000000000000000000e+00
2.721017559479346801e+03 7.603339085873678869e+02 1.000000000000000000e+03 0.000000000000000000e+00
2.616257178985818882e+03 6.547141192681854136e+02 9.750000000000000000e+02 0.000000000000000000e+00
2.172725496790849775e+03 5.808593202297237212e+02 6.490000000000000000e+02 0.000000000000000000e+00
1.801159416430601141e+03 6.580024791032772100e+02 4.030000000000000000e+02 0.000000000000000000e+00
1.750202083096652814e+03 6.723661402213543852e+02 5.740000000000000000e+02 0.000000000000000000e+00
1.650243477165055538e+03 7.299241589337004825e+02 6.810000000000000000e+02 0.000000000000000000e+00
1.918825364778135508e+03 9.896396700983618757e+02 1.000000000000000000e+03 0.000000000000000000e+00
2.315666437332775331e+03 1.040091915291676742e+03 3.650000000000000000e+02 0.000000000000000000e+00
1.984022897518564150e+03 8.617017339070548587e+02 4.320000000000000000e+02 0.000000000000000000e+00
1.412055879185438016e+03 4.248079914924194895e+02 3.850000000000000000e+02 0.000000000000000000e+00
1.416310767452447635e+03 4.192528013548092076e+02 3.930000000000000000e+02 0.000000000000000000e+00
1.765776581598188841e+03 8.637715436186498437e+02 3.800000000000000000e+02 0.000000000000000000e+00
1.855717705943453211e+03 7.050644348675525634e+02 3.790000000000000000e+02 0.000000000000000000e+00
2.066401131723149319e+03 7.002178757261406190e+02 5.390000000000000000e+02 0.000000000000000000e+00
2.039850691273499251e+03 7.800376989901095612e+02 2.920000000000000000e+02 0.000000000000000000e+00
1.956287617854142809e+03 8.772140262261995076e+02 3.020000000000000000e+02 0.000000000000000000e+00
1.276898539631801668e+03 7.914136664917165263e+02 2.280000000000000000e+02 0.000000000000000000e+00
1.215992940658910584e+03 8.170314022425723124e+02 6.240000000000000000e+02 0.000000000000000000e+00
7.770125900370276213e+02 1.552734777325713367e+02 2.170000000000000000e+02 0.000000000000000000e+00
1.701161807970820064e+03 9.475946448698197173e+02 2.870000000000000000e+02 0.000000000000000000e+00
1.023602722021891168e+03 4.685634942300641796e+02 2.200000000000000000e+02 0.000000000000000000e+00
8.447464654176998238e+02 4.297863734000324598e+02 2.730000000000000000e+02 0.000000000000000000e+00
6.547797777205722696e+02 7.153205541427975334e+01 2.040000000000000000e+02 0.000000000000000000e+00
6.092235668817203305e+02 2.985763727339855933e+01 2.240000000000000000e+02 0.000000000000000000e+00
5.972880461034321797e+02 3.791284337031564888e+01 2.200000000000000000e+02 0.000000000000000000e+00
5.926411920848934187e+02 3.747231916388837902e+01 2.210000000000000000e+02 0.000000000000000000e+00
5.588651748410850360e+02 2.409138281648131752e+01 2.010000000000000000e+02 0.000000000000000000e+00
5.468708435465291586e+02 2.407239826707636610e+01 1.890000000000000000e+02 0.000000000000000000e+00
5.357684566656071183e+02 4.255558582340188423e+01 1.780000000000000000e+02 0.000000000000000000e+00
4.854249046650589889e+02 7.954910301106501436e+01 2.000000000000000000e+02 0.000000000000000000e+00
5.407950686395693083e+02 1.989166028116967411e+01 1.920000000000000000e+02 0.000000000000000000e+00
5.404940682738276791e+02 1.741585615194917125e+01 2.030000000000000000e+02 0.000000000000000000e+00
5.136672580413927562e+02 2.514611387051985858e+01 1.970000000000000000e+02 0.000000000000000000e+00
4.938558671394278576e+02 5.160641359486605495e+01 1.860000000000000000e+02 0.000000000000000000e+00
4.595026296543512103e+02 7.253529799976867309e+01 1.600000000000000000e+02 0.000000000000000000e+00
4.337187606002506186e+02 6.519654601370632463e+01 1.760000000000000000e+02 0.000000000000000000e+00
3.810940505615051279e+02 6.636732441068933497e+01 1.920000000000000000e+02 0.000000000000000000e+00
3.660417232507726339e+02 4.923388889760877163e+01 1.510000000000000000e+02 0.000000000000000000e+00
3.413048077869447638e+02 2.407041794569373749e+01 1.370000000000000000e+02 0.000000000000000000e+00
3.301123946412047871e+02 1.691760332564609470e+01 1.420000000000000000e+02 0.000000000000000000e+00
3.287340673894794350e+02 1.499507036008842498e+01 1.460000000000000000e+02 0.000000000000000000e+00
4.333250962732117841e+02 4.486829865427055353e+01 1.570000000000000000e+02 0.000000000000000000e+00
4.057220595465976771e+02 3.724099409614244394e+01 1.770000000000000000e+02 0.000000000000000000e+00
3.744814787642253009e+02 2.302293871276112824e+01 1.570000000000000000e+02 0.000000000000000000e+00
3.615510088322654383e+02 2.133667860511034675e+01 1.510000000000000000e+02 0.000000000000000000e+00
3.584177337824254437e+02 1.090974937376493337e+01 1.470000000000000000e+02 0.000000000000000000e+00
3.574580011639796453e+02 7.809459174401944814e+00 1.480000000000000000e+02 0.000000000000000000e+00
3.539496942827938710e+02 6.469192337623290712e+00 1.480000000000000000e+02 0.000000000000000000e+00
3.509383769228431333e+02 6.129962732117653523e+00 1.530000000000000000e+02 0.000000000000000000e+00
3.466866258648436769e+02 3.825446816482585444e+00 1.520000000000000000e+02 0.000000000000000000e+00
3.425171131127193007e+02 3.486126362086638064e+00 1.480000000000000000e+02 0.000000000000000000e+00
3.394137718438223033e+02 3.508719018617272756e+00 1.490000000000000000e+02 0.000000000000000000e+00
3.845215930917340756e+02 1.015951759197941406e+01 1.530000000000000000e+02 0.000000000000000000e+00
3.798204367263749077e+02 9.176392636240448653e+00 1.480000000000000000e+02 0.000000000000000000e+00
3.742757060750458322e+02 6.005708014290954466e+00 1.560000000000000000e+02 0.000000000000000000e+00
3.727579281870927161e+02 4.855517589105835086e+00 1.510000000000000000e+02 0.000000000000000000e+00
3.657883057512207756e+02 3.930082603720101098e+00 1.550000000000000000e+02 0.000000000000000000e+00
3.595964570262219695e+02 3.708989113573068597e+00 1.540000000000000000e+02 0.000000000000000000e+00
3.523752437392093384e+02 4.500306643387284922e+00 1.520000000000000000e+02 0.000000000000000000e+00
3.472317483976700032e+02 3.299977104535427141e+00 1.510000000000000000e+02 0.000000000000000000e+00
3.441794020940517953e+02 2.695427299674752142e+00 1.520000000000000000e+02 0.000000000000000000e+00
3.415033402032574941e+02 2.760774481461996555e+00 1.520000000000000000e+02 0.000000000000000000e+00
3.383858016116382714e+02 2.578334989574435632e+00 1.520000000000000000e+02 0.000000000000000000e+00
