6.530431236826639179e+02
5.557661173931413714e+02
5.424547755851868942e+02
6.945447653735011500e+02
5.561647640913836312e+02
5.750727823098781073e+02
5.556573916155844017e+02
5.620615810689771479e+02
5.798322135991836603e+02
7.085780860446792531e+02
6.827595409359255427e+02
5.654686347542218527e+02
6.029865058648862259e+02
5.097478620662047888e+02
6.061582339573068339e+02
5.290294798984274394e+02
5.594828219643273997e+02
5.502287299852274600e+02
5.714402466274318613e+02
5.265217215748704120e+02
