6.719758451804971628e+03
6.778110644993505048e+03
6.711823202486613809e+03
6.590429878755255231e+03
6.653613866099438383e+03
6.883850686877592125e+03
6.754679760055173574e+03
6.551972413466317448e+03
6.956704466368625617e+03
6.526885035399713161e+03
6.670523577342712997e+03
6.954175543928475236e+03
6.746275355504314575e+03
6.551354430342261367e+03
6.870417418844650456e+03
6.728581830512004672e+03
6.760709848345503815e+03
6.884215832649109871e+03
6.656602329727870710e+03
6.584061804528051653e+03
