6.487648799798041182e+03
6.796414948029977495e+03
6.465685379680714505e+03
6.677018440370964527e+03
6.531826574103011808e+03
6.314235284618170226e+03
6.848260918564812528e+03
6.538523242788015523e+03
6.383232929659387992e+03
6.394538822678651741e+03
6.653651386504536276e+03
6.500800190948923955e+03
6.532995903546707268e+03
6.503677120788605862e+03
4.818982611193134744e+02
6.501827965503563973e+03
6.769320234538521618e+03
6.393523827757682739e+03
6.625056082352160047e+03
6.245948946797367171e+03
