6.118958218646083878e+03
6.305095230930860453e+03
6.528847216480437055e+03
6.385094980977317391e+03
6.381063115655812908e+03
6.457431985895263097e+03
6.579403021466990140e+03
6.519738303037271180e+03
6.297367539865612343e+03
6.347289795784003218e+03
6.118448574673150688e+03
6.526372712014108401e+03
6.338454475780366920e+03
6.320613960465212585e+03
6.450320794724701955e+03
6.371980228607089884e+03
6.195667273812926396e+03
6.131541027340199435e+03
6.525046134277125930e+03
6.594590805034086770e+03
