6.629964903464727286e+03
6.668034131395260374e+03
6.851938000007499795e+03
6.891053352948863903e+03
6.541690129285356306e+03
6.907814072373228555e+03
6.709155307976585391e+03
6.684746940550658110e+03
6.855887495378069616e+03
6.682618859962594797e+03
6.781294966568895688e+03
6.743360494315906180e+03
6.830760954120119095e+03
6.607686125464315410e+03
6.660374585449615552e+03
6.935006493069820863e+03
6.731371002605700596e+03
6.920246234972808452e+03
6.664362716320250001e+03
6.604719424948388223e+03
