6.020362859920854135e+03
5.851234610308281844e+03
5.688304089892604679e+03
5.864246073560097102e+03
5.738769394673212446e+03
5.850689134038353586e+03
5.830099052304167344e+03
5.726535919131147239e+03
5.802363811897285814e+03
5.888176311889209501e+03
5.715918129184547070e+03
5.903812943954185357e+03
5.951029112427429936e+03
5.941945447341744512e+03
5.757699692408222290e+03
5.762508641018649541e+03
5.750452430380945771e+03
5.901514421268992919e+03
5.908914331009838861e+03
5.922226238516038393e+03
