6.360567134984148652e+03
6.538668586533420239e+03
6.443927011459849382e+03
6.375811193231396828e+03
6.574739020593659916e+03
6.324930796217220632e+03
6.376186644870593227e+03
6.444030392257513085e+03
6.405435634289335212e+03
6.553541900354925019e+03
6.440506428649418012e+03
6.304324565757307028e+03
6.589505937745974734e+03
6.367384425541287783e+03
6.501555477487274402e+03
6.368822061062967805e+03
6.527184313885163647e+03
6.357303593577811625e+03
6.422698399302616963e+03
6.432269411001154367e+03
