6.328177979046121436e+03
6.309466103652835955e+03
6.342155102047165201e+03
6.324467704555624550e+03
6.324734090689731602e+03
6.336448088503446343e+03
6.263039656762983213e+03
6.222891378335260015e+03
6.309252037766487774e+03
6.375168706141943403e+03
6.169854211670682162e+03
6.320328476282315023e+03
6.237167853603810727e+03
6.314006175432286909e+03
6.232492138291470837e+03
6.245378013585363078e+03
6.317392320940186437e+03
6.315878222908969292e+03
6.254543888458400943e+03
6.284250594497771999e+03
