6.500808818139051255e+03
6.572752846453507118e+03
6.798924906414644283e+03
6.631236763169799815e+03
6.680941633844429816e+03
6.617526284803725503e+03
6.401556238702871269e+03
6.400714369473790612e+03
6.508581691988340935e+03
6.542388582185509222e+03
6.382596074298455278e+03
6.676715289051218861e+03
6.633152463392471873e+03
6.484757819822266356e+03
6.589177350308348650e+03
6.711369348665621146e+03
6.551594577734566883e+03
6.698681433015149196e+03
6.596286937627657608e+03
6.581172613240018109e+03
