6.463445144330406947e+03
6.458456727990375839e+03
6.405686306042543947e+03
6.480572336410897151e+03
6.475317862685162254e+03
6.566890357302371740e+03
6.397565829167098855e+03
6.359046294657135149e+03
6.436862852327767541e+03
5.841507447668246641e+03
6.406359723788065821e+03
6.432518232863918456e+03
6.251296701719023076e+03
6.395037976497786076e+03
6.321236881398932383e+03
6.363976333302107378e+03
6.497302994018566096e+03
6.218336055073398711e+03
6.497816512504498860e+03
6.534895671407769441e+03
