7.032004319341808696e+03
1.289033381808517106e+03
3.421647194403084541e+03
3.793338937727764460e+03
2.343016222534075439e+02
3.715431349375348873e+02
2.133091712048189947e+03
1.128841574647053676e+03
6.697834350135496607e+03
3.659665337107298001e+03
1.651261526814256058e+03
1.013166817590207984e+03
1.295854397243554104e+03
4.354760253042682962e+03
6.310528922270345902e+03
7.561240240288839232e+02
1.562360127909065341e+03
7.099386451196196504e+02
4.279005269007447168e+03
1.530427181888888299e+03
