5.549959535507691726e+02
5.444981208062905580e+02
5.783013665507868382e+02
6.183974665902729839e+02
6.255380526828204211e+02
5.569587967896198961e+02
6.134361849745306472e+02
5.814921974545062540e+02
6.087477206812829991e+02
6.191753692284290764e+02
5.768098699169175916e+02
5.785960915675856313e+02
5.890647564741184397e+02
6.143390972002591752e+02
5.851456327008743301e+02
5.485292328437542437e+02
4.998166713762532254e+02
6.042482255694743571e+02
6.035556147863578644e+02
6.093534876606069020e+02
