7.473701926733339178e+02
7.030573755524529815e+02
7.418195808284295936e+02
7.449538933040546453e+02
7.484471050691269056e+02
6.950358735894207030e+02
7.588083439645965882e+02
7.415051966863112511e+02
7.520316909593107084e+02
7.339796131103466905e+02
6.857191766451784360e+02
7.425675286267847923e+02
7.578615648310908455e+02
7.572916729893834145e+02
7.415801911218893565e+02
7.334562006196314314e+02
7.007049869709502445e+02
7.330575505242896952e+02
7.370154601463717654e+02
7.021112643693097652e+02
