5.438963844055981554e+02
5.386898094966605868e+02
5.310279881614296755e+02
5.234695028804352432e+02
5.344098375614750012e+02
5.502851261176092521e+02
5.329734022033694600e+02
5.348083893132608182e+02
5.228597437379487474e+02
5.200114922067807584e+02
5.208848797682592249e+02
5.381400382992800360e+02
5.365254483057364041e+02
5.214809541669009150e+02
5.236416132184352819e+02
5.459808546201552417e+02
5.202352944627176612e+02
5.335504969045402959e+02
5.218772436599480216e+02
5.285876686724514002e+02
