7.405312575488980656e+03
7.619577466340889259e+03
7.422067874400973778e+03
7.759130497318805283e+03
7.339028207853762069e+03
7.436049845402638311e+03
7.415088436617879779e+03
7.695389303718050542e+03
7.755084121081772537e+03
7.614641312431511324e+03
7.352885203697659563e+03
7.627253832920399873e+03
7.791970749555443035e+03
7.845237236967217541e+03
7.490098536962806975e+03
7.671879929972179525e+03
7.585817008911240919e+03
7.537762090501845705e+03
7.456245642016232523e+03
7.568410318236990861e+03
