6.845655675935030558e+03
6.870168326027639523e+03
6.856156501472032687e+03
6.897910100089273328e+03
6.812176333034069103e+03
7.103884808161968976e+03
6.921578317602415154e+03
7.038683353724822155e+03
7.089137884413573374e+03
6.693161475677668932e+03
6.997435486730654702e+03
7.068314568501159556e+03
6.636163635019107460e+03
6.629468658841635261e+03
6.840964985685503052e+03
6.844171126124749208e+03
7.068214739991923125e+03
7.182860205023849630e+03
6.843208480677935768e+03
7.139321610757796407e+03
