7.287219768115535771e+03
7.444443491133733914e+03
7.357517342611604363e+03
7.131412334058321903e+03
7.556709603974239144e+03
7.596492369139921720e+03
7.193823525131806491e+03
7.193237623193712352e+03
7.452915671394024685e+03
7.428265922019383652e+03
7.172115050367125150e+03
7.399226325546629596e+03
7.380540340161613130e+03
7.195109516926361721e+03
7.460792850616093347e+03
7.342982013705197460e+03
7.298806144500674236e+03
7.603389811106710113e+03
7.503496684846102653e+03
7.513062170520019208e+03
