7.979753263514600803e+03
4.828098972675975347e+03
7.753077045791369528e+03
7.699626630480247513e+03
7.619762217510014125e+03
7.623984193376183612e+03
7.489071897522842846e+03
7.472224695660044745e+03
8.078565178826427655e+03
7.525643801987687766e+03
7.674117333363376929e+03
7.770152660470280352e+03
7.638422031482557031e+03
7.886856553974717826e+03
7.781535711274035748e+03
7.780403914003493810e+03
7.611222565302539806e+03
7.880832821925048847e+03
7.965796316120050506e+03
7.945954992015931566e+03
