7.343818225052854359e+03
7.267237178254577884e+03
7.196754411067601723e+03
7.347085963529370019e+03
7.423202981344066757e+03
7.238715559457536983e+03
6.988852405648217427e+03
7.278040880371856474e+03
7.354710932286895513e+03
7.189435529359926477e+03
7.241247244645497631e+03
7.253542290075997698e+03
7.098461589507590361e+03
6.877526138819632251e+03
7.227782030810435572e+03
7.149417879449135398e+03
7.017806284667939508e+03
7.263955767968172950e+03
7.356414013774385239e+03
7.200113613625419930e+03
