5.024675884531562588e+03
7.522069679965057730e+03
7.713685849736417367e+03
8.121045185667543592e+03
7.760355206449103207e+03
7.573033196067574863e+03
7.795465785795658121e+03
7.897039542519918541e+03
7.644485243851007908e+03
7.319652765298934355e+03
7.817058914732165249e+03
7.852173945457676382e+03
7.697414879207691229e+03
7.786630027504275859e+03
7.686604321580197393e+03
7.738764030703184289e+03
-3.730267916854253372e+02
7.563933904893069666e+03
7.599177366105734109e+03
7.756105741630502052e+03
