8.128010167421967935e+02
7.644188651415405502e+02
9.013721456699316832e+02
9.895691165683450663e+02
1.772164247622880794e+03
1.417166461073754590e+03
2.087575145259091641e+03
1.612115676708910769e+03
1.468795389876925128e+03
1.457535000414764909e+03
1.101728164053103001e+03
2.091162188998793681e+03
1.126093044361834700e+03
1.407644016646576802e+03
5.550144559921649261e+02
1.128968452655143437e+03
1.532675958837332246e+03
9.885260767995554261e+02
9.009169918759714619e+02
1.605420369142810387e+03
