1.711476861572877624e+03
1.351046765076118390e+03
1.220063168997953426e+03
1.209584685054109059e+03
1.470835337000839672e+03
1.226729284813052118e+03
1.462295875864175059e+03
1.374983912003541718e+03
1.086040915785637026e+03
1.513341016665287952e+03
1.076285175576233542e+03
1.394488512078750318e+03
1.211040444514759201e+03
1.342651192378754331e+03
1.896711115701374638e+03
1.413610913950293025e+03
1.338348321167474069e+03
1.757051300394555938e+03
1.464304875222904229e+03
1.468283920842287216e+03
