1.464648369333895062e+03
1.349846663793501875e+03
1.735414033672382857e+03
1.190427333332418812e+03
1.391585694084196803e+03
3.091348518138722284e+03
1.770690142110962370e+03
1.880415032307133515e+03
2.686462462728038190e+03
3.078874548303442680e+03
2.516134615095663321e+03
1.671165205042664638e+03
2.736657966037931146e+03
3.124385061736334592e+03
1.028197375768737857e+03
3.232661491241510703e+03
2.424910889294709705e+03
1.376192620549656795e+03
2.033244552604593764e+03
2.484540967193120650e+03
