1.299490478661844691e+03
1.310321428824868235e+03
1.411858276344144770e+03
1.649721201206171145e+03
1.334129649614014625e+03
2.052789089611016152e+03
1.424650978660333976e+03
2.123631798571297622e+03
1.194703322890300569e+03
1.177313408675131541e+03
1.507777986900086262e+03
1.700614989385130912e+03
1.107445306313249375e+03
9.309031247157404323e+02
1.398377246998264582e+03
1.287397098338390833e+03
1.125389268679179168e+03
1.188654566365764595e+03
1.968988645988207054e+03
8.093275003762049664e+02
