8.169680600830920412e+02
9.358711834955474842e+02
8.528030153462830185e+02
9.345617826938706685e+02
1.383481108533747829e+03
9.404775599218477282e+02
9.988796158531791889e+02
9.474273725724632413e+02
1.021940210469551516e+03
1.169372534610434741e+03
1.231216615413504087e+03
1.026649975765566069e+03
8.898290631997850824e+02
8.909581997528182455e+02
1.190443026292092554e+03
1.041782377669672087e+03
9.990127208762569353e+02
1.241990127866395369e+03
1.172415174051932581e+03
8.757115468991521539e+02
