2.060671142386359861e+03
7.733987540310157556e+02
3.253795110597421171e+03
9.668798871697033519e+02
3.188746338707370796e+03
9.465263525731355685e+02
3.354170841990553981e+03
5.620503622780138357e+02
5.976387289128305156e+02
1.082226985734026812e+03
9.288611030449336567e+02
9.311041609211756622e+02
3.232726338674215640e+03
1.240978316501980999e+03
1.275003420176853751e+03
1.440622066771836671e+03
8.140310525088692657e+02
1.035344571694659635e+03
7.919742278570735152e+02
9.046372898036388506e+02
