7.070087414256400734e+03
6.498014115884527200e+03
7.479503477201319583e+03
6.103569121120425734e+03
5.191783982818115874e+03
7.223840274149559264e+03
7.228877023092583840e+03
7.065732169099808743e+03
7.010498883020844005e+03
7.137402804951559119e+03
7.259108660875258465e+03
7.444779978341656715e+03
7.008771483274486854e+03
7.415012151787388575e+03
7.093405441165210505e+03
6.845701550157044039e+03
7.255684846536434634e+03
1.112660327434963847e+03
7.351754676283878325e+03
7.481770948798820427e+03
