6.882245786964725994e+03
6.773429726296756598e+03
6.500472165668219532e+03
6.630554669739072779e+03
7.084157786343357657e+03
6.801165649898941410e+03
6.313054188008705751e+03
6.701662055296311337e+03
7.083003958323760344e+03
1.867289618074625650e+03
7.059263177334612010e+03
6.953165783216929412e+03
2.513533935031491183e+03
6.186030687033463437e+03
6.858169628243391344e+03
7.292360103428848561e+03
7.108025011609920512e+03
6.795715156557326736e+03
7.126116845888634089e+03
6.907954085220148954e+03
