7.359547422949319298e+03
7.395874683036045099e+03
7.513593362107876601e+03
7.497462128975684209e+03
7.141067768808854453e+03
6.902510176279107327e+03
7.622275017948760251e+03
7.146595979576035461e+03
7.419830822925866414e+03
7.310677222034745682e+03
7.142365665762850767e+03
7.565422623889953684e+03
7.335269571250734771e+03
7.659933987305699702e+03
7.564261541377036338e+03
7.481253698383617120e+03
7.182774383829164435e+03
7.619191220773022906e+03
7.290439684284312534e+03
7.236730357132914833e+03
