3.838176248265807317e+03
7.719527849493026224e+03
7.166877667092128831e+03
7.332259722758936732e+03
7.368624981476527864e+03
7.608916494140455143e+03
7.790395872906925433e+03
6.753337202646765945e+03
7.791370343184489684e+03
6.628564440045156516e+03
7.854684927872750450e+03
7.390514983532626502e+03
7.560062644830400131e+03
7.278939968263381161e+03
7.380007407705738842e+03
7.523780422150346567e+03
7.645100702404948606e+03
7.524786977768691941e+03
7.275555675314168184e+03
7.472200487553369385e+03
