7.209982371394743495e+03
6.929812479106396495e+03
6.784347622084918839e+03
6.861987138429107290e+03
6.925484418975020162e+03
6.901645123469258579e+03
6.846658854690189401e+03
7.089201815747506771e+03
6.751496609027398335e+03
6.461735389658800159e+03
7.137841411135598719e+03
6.963750485120061967e+03
7.118861643924098644e+03
6.964761297681485303e+03
6.630767586304441465e+03
7.227290160618419577e+03
6.879472401483775684e+03
6.820322622940814654e+03
7.230320826876493811e+03
6.507669185357087372e+03
