7.945124249343993142e+03
7.484091765580040374e+03
7.754652302557623443e+03
7.549239995251092296e+03
7.682451306529883368e+03
7.984568756838523768e+03
7.313099287372116123e+03
7.783362833415365458e+03
7.707005796968488539e+03
7.818050199536834953e+03
8.022021648710327099e+03
7.672366194040426308e+03
7.864915993532125867e+03
7.795771102146261910e+03
7.800624624269501510e+03
7.964626767244923030e+03
1.902309080213801963e+03
8.050869029624393988e+03
7.600813437555466408e+03
7.735583277560808710e+03
