8.114229099363222304e+03
7.948590250355770877e+03
7.952809724105192799e+03
8.403631765431104213e+03
8.163293448090797938e+03
8.396927547863731888e+03
7.733069056581282894e+03
7.741713348781966488e+03
8.100261492692062347e+03
7.386994463107393130e+03
8.338077128516257289e+03
7.928422517096434603e+03
7.816827766848390638e+03
7.991793016429149247e+03
7.692934728266331149e+03
7.958474999028351704e+03
8.045638691399181880e+03
7.839193571971980418e+03
8.150885086950978803e+03
7.891989149540047038e+03
