7.602390797681543518e+03
7.910969554612854154e+03
7.991644392524405703e+03
6.012670976413559401e+03
7.717495155369654640e+03
8.029081276061063363e+03
8.109911803177523325e+03
7.792965824863712442e+03
7.676961853099530344e+03
7.546411603844838282e+03
4.750956105403133165e+02
7.770179687870080670e+03
7.787129732407332995e+03
7.792935958960516473e+03
7.360636757330796172e+03
7.461518290275023901e+03
8.219213205932343044e+03
6.491740474966745751e+03
7.580026762730278278e+03
8.154149731622011132e+03
