8.203021039232558905e+03
8.026537000070594331e+03
8.177821618270831095e+03
8.080716612635214915e+03
8.255816009651849527e+03
7.717596036682798513e+03
7.844928204950809231e+03
8.153047051374835064e+03
8.030987551983028425e+03
7.568315215360484217e+03
7.900050911305550471e+03
8.065399188607518226e+03
7.571405389968392228e+03
8.092993478716611207e+03
7.471258334206592735e+03
8.018532349313671148e+03
8.205041135015122563e+03
7.874997721536081372e+03
8.073366635553747983e+03
7.632681291927691746e+03
