8.686455571411712526e+02
8.099891682506706729e+02
9.135831931093210869e+02
1.148416695660007917e+03
8.965434167397304464e+02
1.307586784297308668e+03
8.229842560593666576e+02
1.782192826814694627e+03
1.270626385505193639e+03
9.590373850623989256e+02
7.027498821413390715e+02
9.209078042616649782e+02
7.388709870275905587e+02
9.056651803895659896e+02
8.097522684641239721e+02
7.550169286557248824e+02
1.177006442347342499e+03
9.791273367570156552e+02
8.190256776061653454e+02
9.250067947743060586e+02
