5.752822919469549561e+03
5.921833128560136174e+03
5.896695711536217459e+03
6.059043731833415222e+03
5.966078620749241963e+03
5.892802395902149328e+03
5.847960496761703325e+03
5.817142136082420620e+03
5.855485214377606098e+03
5.906367466812770544e+03
5.946495829832923846e+03
5.972173084139610182e+03
5.818525253908628656e+03
5.918149086944358714e+03
5.890756882774544465e+03
5.955045600106315760e+03
5.991128838214897769e+03
5.853050460803151509e+03
5.840392846704183285e+03
5.861529338770983486e+03
