5.896077950966029675e+03
5.945142940424771950e+03
5.616625006760144061e+03
5.839816417784237274e+03
6.024461805054343131e+03
5.920228838025031109e+03
5.780989335469782418e+03
5.858850497638862009e+01
5.924762191723641990e+03
5.874883972639966487e+03
6.162093848264888948e+03
4.272115416476669338e+02
5.856909922405485304e+03
5.872425319046347795e+03
6.087586447459745614e+03
5.949843728806070430e+03
5.919408832206226180e+03
5.839417962666309904e+03
5.946708859223129366e+03
6.005464623784278956e+03
