3.615265027440799713e+03
2.232461891659350385e+03
3.562715908265251528e+03
3.566360726719698050e+03
1.621123831732099234e+03
3.664909862306721607e+03
3.561909634056837149e+03
3.602523849679083014e+03
3.557673812672431268e+03
3.633579351490252066e+03
3.571844788974915900e+03
2.441419762529572381e+03
2.695706093828588564e+03
3.636873898506295518e+03
3.575260519445986120e+03
1.948299356758673866e+03
3.727319910122581859e+03
2.008097229573337245e+03
3.253912278447853623e+03
2.086500039278933855e+03
