1.013918746608947458e+03
1.065671411964689014e+03
1.120506783572945551e+03
1.014990901316274289e+03
5.005376633214348203e+02
1.008606224485507028e+03
1.412499029026111884e+03
1.044020926480822709e+03
1.313880526881708874e+03
1.247733721790698155e+03
1.380370772215492707e+03
1.278683165113660380e+03
1.123810225118787685e+03
1.106448467096691274e+03
1.300245571975966413e+03
1.363540306703137048e+03
1.070441672618720077e+03
1.100916294604328414e+03
1.379555185478405292e+03
1.262938185633986677e+03
