1.165370095329487640e+03
1.446096559890230310e+03
2.962057969196932390e+03
3.863135628161087425e+03
3.809782780469085537e+03
1.564944088988971089e+03
3.784797436900754747e+03
1.555574241237688511e+03
3.798592349402544187e+03
2.963654943742768864e+03
2.144144256636331193e+03
3.835949652231379787e+03
3.807813482357600151e+03
3.818785980982795536e+03
3.802988776634730129e+03
3.823217222918711741e+03
3.805400407615904896e+03
3.835545193213558377e+03
1.758484088532954956e+03
3.831319300380752793e+03
