3.643290368364329879e+03
3.634458514960596858e+03
1.780037921036450825e+03
2.294797048188661847e+03
3.596201241273249252e+03
3.622670205078290564e+03
2.641785714133151487e+03
1.635153606632416768e+03
3.629517895581233461e+03
3.649317346395246659e+03
3.610777079402091204e+03
3.638428304223177747e+03
3.636288082241956999e+03
3.441637817949982491e+03
3.646756963498831283e+03
3.246163966325979800e+03
3.618678621940993708e+03
3.637605775909055865e+03
2.736574829213025168e+03
1.802840374479028242e+03
