1.616250084359280891e+03
1.570117931198555198e+03
1.630722541033812831e+03
1.289947436786287199e+03
3.310804474751565522e+03
1.522699034245929852e+03
3.560199129336102033e+03
3.056877745659246102e+03
2.140875371283996174e+03
2.838550690211392521e+03
1.512230614974945865e+03
3.447295494802516259e+03
3.287046449377342924e+03
3.270655640501838661e+03
3.285978651135250857e+03
2.099734442049899371e+03
3.308598827767869807e+03
3.244385419452230963e+03
3.298381411504857169e+03
2.805712072940353210e+03
