1.434259441542537388e+03
1.389822394204315515e+03
1.112426310865989080e+03
1.234664413735262087e+03
9.572439992062668352e+02
9.972379023857473612e+02
1.543450996520725766e+03
1.226854960328044626e+03
1.147360022647434107e+03
9.185269432801125049e+02
1.294064386240960630e+03
8.060706799209383462e+02
1.590722465158585010e+03
9.970499431269279285e+02
9.945601242666365351e+02
9.376994748941107218e+02
1.294112981150265341e+03
1.391932595218910819e+03
7.200838031258028877e+02
1.352964950408807454e+03
