5.925071285128768977e+03
5.900062823646612742e+03
5.820434077236486701e+03
5.877101375629948052e+03
5.883396457636981722e+03
5.839789293844133681e+03
5.834564095871598511e+03
5.924492000094952346e+03
5.593648627650700291e+03
5.801961933541841063e+03
5.776512189254613077e+03
6.048318827719925139e+03
5.883697737558234621e+03
5.941643483451373868e+03
5.977050065409530362e+03
5.850124237166988678e+03
5.684609123499220914e+03
5.706646903236347498e+03
5.942897133623303489e+03
4.797445758093883796e+02
