1.692588388585588973e+03
6.435869142373937848e+02
6.384049946694379969e+02
6.970352164329455036e+02
1.690890437211745621e+03
7.686677127073080555e+02
6.200675413077506164e+02
6.831227278082017165e+02
6.503505673545975014e+02
6.984795416839007203e+02
6.745282251723547233e+02
1.349229965488671041e+03
7.018256417513910037e+02
1.046185479000235773e+03
7.369757547291745823e+02
4.849440538017449285e+02
1.006569287298462200e+03
6.457488186140783455e+02
7.927560771273612090e+02
7.151530864752594425e+02
