3.917220374319950338e+02
4.210946573744088823e+02
4.664510079382989716e+02
3.161130604138076023e+02
2.161444664574748913e+02
8.268041137399529816e+02
2.138723460089142918e+02
5.861595985524257912e+02
2.990277505040813821e+02
1.496885686669768802e+03
5.866722724801886670e+02
2.815633204214687453e+02
1.875704396450037166e+03
3.314030737351398557e+02
1.120977736369291733e+03
7.105963705045410279e+02
3.044567764432460990e+02
5.797925255664551969e+02
5.049045183487424424e+02
4.347858637643686279e+02
