3.766226731579767147e+03
3.418916857597288868e+02
9.715867422532757018e+02
2.784361322965502040e+03
1.043149454677170070e+03
1.148758491760357856e+03
3.656752163717337680e+03
1.620934971359334213e+03
3.682432354848906016e+03
3.599515720062880064e+03
3.818930757646106485e+03
1.364366319640130541e+03
3.759310972018164648e+03
2.708928654801682114e+03
3.719768909490282567e+03
3.105738862312661695e+03
1.046396126034997906e+03
1.294073095386024534e+03
1.390740701584796625e+03
1.295053980132862989e+03
