6.002417507487432886e+03
5.469239188949324671e+03
5.788752505727670723e+03
5.699586224671889795e+03
5.793193217748424104e+03
5.616097755738222986e+03
5.622337140868125061e+03
5.540496582460903483e+03
5.962210347799682495e+03
5.355438821004443525e+03
5.584917250595299265e+03
5.361791270230044574e+03
5.739929090216431177e+03
5.915903058725206392e+03
5.817511478408445328e+03
5.847138536558562919e+03
5.918683561868078868e+03
5.674016336115154445e+03
5.648135132744992006e+03
5.645714035318025708e+03
