5.711097570905715656e+03
5.512279947079435260e+03
5.775572018607595965e+03
5.626943667680435283e+03
5.660183079277047000e+03
5.648267505966483441e+03
5.856355637348255186e+03
5.705244168227903174e+03
5.845561255580942088e+03
5.500978307873133417e+03
5.844809231278341031e+03
5.503559448086215525e+03
5.761628243828888117e+03
5.827028962652835617e+03
5.615090631885736002e+03
5.749889012023973919e+03
5.638603631318940643e+03
5.477656392931526170e+03
5.700795139959152948e+03
5.815245788965597967e+03
