3.274420104909512702e+03
3.318119515055727788e+03
3.286616355000299791e+03
3.285424429681197125e+03
2.241423231287097224e+03
1.746460320300927151e+03
3.292542971932485671e+03
1.923424370597284224e+03
2.948703249447139115e+03
1.604090151754191766e+03
3.296195301102035955e+03
1.315126964034343018e+03
3.248566613636658985e+03
2.255207408093387585e+03
3.278797299021471190e+03
3.282630084694266770e+03
1.642421515316270643e+03
3.255783046254210149e+03
3.265502864134157335e+03
3.255188345013425533e+03
