3.318507337892714077e+03
9.760686945024569923e+02
3.282219810637538558e+03
9.998242033627624323e+02
9.758407146293811820e+02
9.449285488529066015e+02
1.739870861437981375e+03
1.293480903213509237e+03
2.470341704373698576e+03
2.787197889648827186e+03
3.268796934840457197e+03
9.646878741640109638e+02
1.051878201857065278e+03
2.773582542987298893e+03
1.925007329869797104e+03
9.718882255661317231e+02
3.229302496714590688e+03
1.282091492185890274e+03
1.304394220783236278e+03
3.226309257104466269e+03
