3.239775510220764318e+03
3.230078238703275474e+03
3.273226319329567559e+03
3.263652576320833759e+03
3.265201374063750791e+03
3.216090366730617006e+03
3.257583067389681673e+03
3.275729976136095047e+03
3.284537909907307494e+03
3.296789896570196106e+03
3.307619149963718883e+03
3.251119614231321520e+03
3.260018621315072323e+03
3.223887746175080792e+03
3.215120760391018393e+03
3.257002578538032594e+03
3.289833294679881419e+03
3.281284930062566218e+03
3.243428463535864012e+03
3.216361972439118290e+03
