3.092324327043646917e+03
3.068463045477520609e+03
3.112836570508466593e+03
3.092542167555727247e+03
3.095106570907387777e+03
3.092975434981196031e+03
3.113421061937875493e+03
3.071556592460921365e+03
3.172055482687255335e+03
3.096374034505763575e+03
3.126347153283179978e+03
3.080116330746879612e+03
3.099813352702484735e+03
3.066686965215334567e+03
3.074902690872866060e+03
3.119668318706852006e+03
3.130040550501636062e+03
3.137818760246329475e+03
3.100967331189263405e+03
1.935029714511610109e+03
