2.398325939792698591e+03
1.632806476303351474e+03
9.629236154107096581e+02
1.263257644173970675e+03
1.094378212200378584e+03
3.393760334467916437e+03
2.535666395400169677e+03
1.113292277679182234e+03
2.387842736014217735e+03
2.081417027230080294e+03
1.227630320194520891e+03
1.352107069466892426e+03
1.576467970136776557e+03
3.352167232643549141e+03
3.252462751806243432e+03
1.587430022306991532e+03
3.431388608220640435e+03
2.054773897826727080e+03
1.485993429277908945e+03
2.667095993291818559e+03
