1.560590800988882393e+03
1.215999621538518795e+03
1.234682652651581066e+03
1.388101882330636499e+03
1.573283795744265944e+03
1.716805500346594954e+03
1.494564473077073899e+03
1.504861241895493777e+03
1.294112489525743058e+03
1.229275065811325021e+03
1.630992149221894351e+03
1.933115753824755757e+03
1.606636717250662514e+03
1.542222396378439953e+03
1.541033908432682438e+03
1.228940323210369343e+03
1.620121664504924411e+03
1.821777808910553176e+03
1.811093955176773534e+03
1.657196672641862278e+03
