6.562902324279649235e+01
7.360120436905245356e+01
6.908622394636972786e+01
7.072602884861935024e+01
3.368994314380189735e+03
3.426231707241466211e+03
6.058775985610771642e+01
6.729942824153528136e+01
6.085929238266358254e+01
6.881357696214649877e+01
3.345938660080202681e+03
7.066224879672842007e+01
7.231741831034808854e+01
7.197648495370691535e+01
3.359595672490788729e+03
3.332542277227550130e+03
2.943003323324951907e+03
6.424818310311832192e+01
6.427140381890784226e+01
6.228401831914405307e+01
