6.277465907055090611e+03
6.159003677655960018e+03
6.148398533829777080e+03
6.392894491078038300e+03
6.026173319412979254e+03
6.214017346894979710e+03
6.198870177135788254e+03
6.105264761056283533e+03
6.255144311294663567e+03
6.144963314239285864e+03
6.023386118693479148e+03
6.525603728285517718e+03
6.418461773626502691e+03
6.328300247367132215e+03
6.085160161389242603e+03
5.893163383765027902e+03
5.968771385166978689e+03
6.214419589658306904e+03
6.378581687813492863e+03
6.119664562213834870e+03
