5.628290450885268910e+03
5.955177124684015325e+03
5.653646004130210713e+03
5.594944952383149939e+03
5.699603781235837232e+03
5.623290758754415947e+03
5.437238707527178121e+03
5.720564486905058402e+03
5.957253581076572118e+03
5.824396992117456648e+03
5.990366821323420481e+03
5.566263022798761085e+03
5.760120891763317559e+03
5.620793693793347302e+03
5.529352142432912842e+03
5.661143306350225430e+03
5.209160316407459504e+03
5.555543729020968385e+03
5.734786283987080424e+03
5.547403938761812242e+03
