5.634100167362847060e+03
5.712525623182211348e+03
5.612766156624372343e+03
5.723221643348698308e+03
5.817567394353103737e+03
5.887337603135967584e+03
5.563705685651110798e+03
5.598353335455555680e+03
5.762499933091136882e+03
5.754801804421310408e+03
6.079764539293254529e+03
5.895876363275885524e+03
5.827292258393744305e+03
6.111138416623584817e+03
5.843492177180371073e+03
5.772653655938542215e+03
5.836511060468504184e+03
5.775952505911145636e+03
5.518745439707004152e+03
5.703184626492002280e+03
