5.156078206643219346e+02
1.251243839182706097e+03
5.198107210126986502e+02
6.304338280374244050e+02
7.883175899135659392e+02
8.027064333497445432e+02
5.325355158082591061e+02
4.594339892071150189e+02
5.070086756087924300e+02
5.335216541432663462e+02
4.549662933458251928e+02
7.023360364752215901e+02
4.484158800356522647e+02
7.883048605560983333e+02
4.685970778645950645e+02
4.549482447695845053e+02
6.269956186140567524e+02
5.314071675206985219e+02
5.873157734133169470e+02
6.784298253596894028e+02
