2.075159332043272116e+03
3.300828679377520984e+03
3.295815334825249010e+03
3.347875065895166244e+03
3.288296618917969681e+03
3.300051070823114969e+03
1.821994615373266470e+03
1.861122745445317605e+03
3.305346785613487100e+03
3.321527543287026219e+03
3.331302279376914157e+03
3.332207384629535682e+03
2.343816264262335608e+03
3.274352722361237284e+03
2.311050232218395649e+03
3.310322557950456485e+03
3.309147937000035199e+03
3.299194780676019036e+03
3.291297473667344093e+03
2.658464670380781172e+03
