6.950713954342038051e+03
6.945140708305326370e+03
6.954710749241765370e+03
6.781833688829748098e+03
6.918486569375715590e+03
6.925534205503880912e+03
6.896677709256313392e+03
7.065053529155490651e+03
6.978152613629042207e+03
6.927193285913633190e+03
7.031938519478688249e+03
6.966967228992053606e+03
6.967177146157857351e+03
6.903266297925341860e+03
6.921142930219024493e+03
7.002126447736068258e+03
6.757506371540929649e+03
6.774555672169512945e+03
6.867708947841370900e+03
6.910709112988545712e+03
