6.344123285341740484e+03
6.263965967410811572e+03
6.224864456947006147e+03
6.275986505794947334e+03
6.397927159859623316e+03
6.392907262637803797e+03
6.396425058422576512e+03
6.373668613179841486e+03
6.421801614486130347e+03
6.244711442472658746e+03
6.110455296098457438e+03
6.279166131930995107e+03
6.397080895259616227e+03
6.131740226540379808e+03
6.300888171469444387e+03
6.346806660466717403e+03
6.439775230814446331e+03
6.315900492678390947e+03
6.415510858697791264e+03
6.381314522970822509e+03
