5.481394378636325200e+03
5.602427426913110139e+03
5.164259530547274153e+03
5.478672871518030661e+03
5.243092554146417569e+03
4.987200861849492867e+03
5.553229575050206222e+03
5.498442926159767921e+03
5.338308518616001493e+03
5.349623122353242252e+03
5.350023184008417047e+03
3.257154644414504673e+03
5.460598490421629322e+03
5.500167474787081119e+03
5.347873816613282543e+03
5.328276716078182289e+03
5.316312276041421683e+03
5.331201025748498978e+03
5.209730152864350202e+03
4.844918263522600682e+03
