6.519563571474058108e+02
1.496742329614239679e+03
7.203281432449244903e+02
1.294086416662363490e+03
6.393917860733522502e+02
6.375648902558801865e+02
1.066789944305319295e+03
2.086002967463866753e+03
7.078036930946055918e+02
8.022957240261860079e+02
1.413485938940645838e+03
9.152368280886186085e+02
1.079476683844954778e+03
2.128110407366557865e+03
1.100103497686967103e+03
1.064229441095685843e+03
1.063969248916567722e+03
8.429449517644877687e+02
1.280289596337418516e+03
9.161378226306885608e+02
