2.695493521276442152e+03
3.169749211111032309e+03
3.176705298090511860e+03
1.413057650659275851e+03
3.105160115324638809e+03
3.330954755704454328e+03
3.205687393619447448e+03
3.180489619302089068e+03
3.159447075949306509e+03
3.162103735017785311e+03
3.229624899569935224e+03
1.523505292449790204e+03
1.787355248826532033e+03
3.137683871012352483e+03
1.980093567627549419e+03
3.154080271391336282e+03
3.153783834315694094e+03
3.344737053960649519e+03
1.850051552910559394e+03
3.187305466498885835e+03
