4.215416423844197311e+02
4.522734809568622723e+02
4.464508349239109180e+02
4.847902773611404541e+02
5.382191637645535138e+02
4.404384172050671395e+02
4.285225263701018434e+02
5.096155440932631677e+02
4.422012034492095722e+02
4.858953401313057157e+02
4.483012489392894508e+02
4.203208015761744605e+02
4.819854779040672952e+02
3.977759491934126004e+02
4.849404090828343215e+02
4.542281642111251472e+02
5.180735800299282801e+02
5.089205041801806715e+02
5.225072354400750783e+02
3.996820669223146751e+02
