4.860774452980374463e+02
4.851008215429699248e+02
4.676614545003524768e+02
4.643751973328868985e+02
5.386909087602283535e+02
4.357389757896659148e+02
5.497648615438363322e+02
4.708294409167200456e+02
5.737284030288310532e+02
6.066625698211878444e+02
5.615182729285244250e+02
4.862742778651697790e+02
4.446320439654357415e+02
5.380222148383335252e+02
4.339856572032961139e+02
5.535975899758543619e+02
5.088080948033542086e+02
4.507040692989033346e+02
5.033209254058124884e+02
4.829262057459983453e+02
