4.364648018513782972e+02
4.890407309381225787e+02
5.620768450738618185e+02
5.477404617741522088e+02
5.761760903737992976e+02
5.104958693560774918e+02
5.108625267433490649e+02
4.222736331217064389e+02
4.915894703869179239e+02
5.179877822948691346e+02
5.539993584965155833e+02
4.582990790508861778e+02
4.712613863393365250e+02
5.694210869397292072e+02
5.079933938272518503e+02
5.029453998338785254e+02
5.001969440217163765e+02
4.495747391742497143e+02
4.735018634200805536e+02
5.203007421064346545e+02
