6.043930955959290259e+02
1.621286287137931140e+03
1.611832125711467370e+03
1.738957153111903608e+03
1.669031005933184815e+03
2.434835623614191263e+03
2.589312724232260280e+03
2.639733344550995753e+03
8.572036702052470218e+02
1.698405132751607198e+03
3.043986372138084789e+03
8.110353581224422896e+02
7.542586886607944052e+02
2.863724654793089940e+03
6.801316514367126729e+02
2.328848529255981248e+03
1.037497949150405702e+03
6.961741582318547898e+02
3.223551740609659191e+03
3.225068612647120517e+03
