3.207434504868992917e+03
3.167375176331814146e+03
3.199522742561548057e+03
3.172453504632553631e+03
3.146860481608469854e+03
3.160369593716867257e+03
3.182336494414103527e+03
3.195539238939238203e+03
3.170906972351497643e+03
3.188636039166364299e+03
3.191956928423129284e+03
3.224404421371969420e+03
3.179203345586241994e+03
3.220776358494361375e+03
3.244908810805793564e+03
3.202632750630167266e+03
3.172781427088704277e+03
3.212210200566547883e+03
3.194129002917880371e+03
3.174110498670888774e+03
