9.539219757725012414e+02
1.053490306844989618e+03
9.140040175926028496e+02
8.949239736955412354e+02
1.161915168990578422e+03
9.960224479116993734e+02
1.031739101329429332e+03
8.798190301652973631e+02
9.139706677013377885e+02
1.744804681524850139e+03
1.619736802659716886e+03
1.694700237938998043e+03
1.210042368059955379e+03
1.045423724347702318e+03
8.734696681290927245e+02
9.132835859950193935e+02
9.819183468526862271e+02
9.356899303148900344e+02
8.859335249208230607e+02
9.673474150261469049e+02
