3.703320555696594056e+03
1.476206935968505832e+03
3.738998197869450905e+03
3.711801871680754630e+03
3.686294836856669917e+03
1.560037637638228944e+03
3.731856912610415748e+03
3.755675108300893044e+03
8.108306298650010149e+02
3.717230812697688634e+03
1.553275547706128009e+03
1.125786746234957263e+03
3.719539697568833617e+03
3.727438678879593226e+03
3.717545070573863541e+03
3.736032482374994288e+03
3.735042567616266297e+03
3.681307878749624706e+03
2.702628804372833656e+03
3.720268703278467001e+03
