3.708073829248110997e+03
3.671319711516989173e+03
3.723390377678627374e+03
3.705386505232858326e+03
3.763991711296236190e+03
3.707090634642589976e+03
2.984199639121405198e+03
3.746274896891658500e+03
3.745489047130346535e+03
3.707661394352828665e+03
3.754340172007165165e+03
3.765630491765749866e+03
3.018449322841279354e+03
3.728554872196166343e+03
3.722675329143430190e+03
3.727257627549265180e+03
3.708884371276933052e+03
3.729824140497582903e+03
3.727643990106497768e+03
3.113519714093341008e+03
