3.701847401998745681e+03
3.625534354071788584e+03
3.712338466540918034e+03
3.719449624992835197e+03
3.704832453294801326e+03
3.654244668264045686e+03
3.691382043927847462e+03
3.672928413506388097e+03
3.735358050930974514e+03
3.712594445456297763e+03
3.706476783380079723e+03
3.697757790790580657e+03
3.695928882228502516e+03
3.691497579731366841e+03
3.703792674272930071e+03
3.672618020294630242e+03
3.686593818079395987e+03
3.742415924131756128e+03
3.694863373788944955e+03
3.699799413939252190e+03
