5.822556056512998111e+03
5.672708240241170643e+03
5.817032600945887680e+03
5.644145231853012774e+03
5.414202514032001091e+03
5.794051605674480925e+03
5.610338633530094739e+03
5.578917648681990613e+03
5.788506193839538355e+03
5.640481689688250299e+03
5.730363790845930453e+03
5.689616888564998590e+03
5.729950506258746827e+03
5.509060571206077839e+03
5.591196502943088490e+03
5.696924583693995373e+03
5.724618624130695025e+03
5.566387649174117541e+03
5.753146421982028187e+03
5.623562216214999353e+03
