5.188959965697627013e+03
5.483815702327448889e+03
4.966694481958502365e+03
5.237151828601000489e+03
4.839993387317888846e+03
4.837018106013108991e+03
5.044460539597104798e+03
5.226167167366616923e+03
5.137153831220107350e+03
4.843258573500237617e+03
4.877527474900529342e+03
5.103065609300853794e+03
5.238469813015764885e+03
4.915114812549662929e+03
5.181210024319983859e+03
5.068079205297277440e+03
5.058432568616433855e+03
4.850076907213473532e+03
5.079402416936935879e+03
5.227126837176092522e+03
