7.250034053169846402e+02
1.023669126539233844e+03
4.137859287217000883e+02
1.103839098079137784e+03
1.102215833519504486e+03
1.219334908942431184e+03
1.165300129800208879e+03
1.157434417515341465e+03
9.888046762019897642e+02
8.928386857570021675e+02
7.793299086658745409e+02
3.139228481409693359e+02
1.154437013780689796e+02
2.011599219595919067e+03
6.586559009067233319e+02
1.196516112052695235e+03
1.433971822943371990e+03
9.432276555435011005e+02
3.131748039964543864e+02
1.127806316564127656e+03
