3.714986400770353612e+03
3.687231404701129122e+03
3.289474615686166089e+03
3.703889409026182875e+03
3.374104052791800314e+03
3.730937360728028580e+03
3.760481514261485245e+03
3.796868462776283650e+03
3.659551148968242615e+03
3.759172496762539595e+03
3.727214625123538099e+03
2.549353823043793909e+03
3.643616484442458841e+03
3.702569437144019503e+03
3.709320107954958075e+03
3.606930457816494254e+03
3.666602083586872141e+03
3.684643036430528809e+03
3.729365366533811539e+03
3.621413346421983078e+03
