3.233502631424038555e+03
3.581769731213585601e+03
2.940378846519806757e+03
3.566007756377356145e+03
3.548456550539302953e+03
3.687717270343207929e+03
1.717357124135526192e+03
2.105359425723316235e+03
3.669290147342944238e+03
3.475762154974557689e+03
2.283523383009795907e+03
3.618845367753583560e+03
3.585810707113399530e+03
3.687730067468821744e+03
2.073314479440782634e+03
3.593153310997279277e+03
3.692570987236184919e+03
1.985078789749450380e+03
3.804163101181967249e+03
3.610336566737650173e+03
