3.322592961000913874e+03
3.456009641362325510e+03
3.477246076095026183e+03
3.561182404405146372e+03
1.691412583327140055e+03
3.461167374716982522e+03
3.404464275944711517e+03
3.504526119825914520e+03
3.232561463630407616e+03
2.487810320092944949e+03
5.991901530446318702e+02
3.584511413147685289e+03
3.449547560742059886e+03
2.609056841239334062e+03
3.541123027793047640e+03
2.524202600266695299e+03
3.383521439985428060e+03
3.431115185790597025e+03
3.436193436512361131e+03
3.375563833411531050e+03
