2.934503797681414198e+03
2.920719162214933476e+03
2.955306487189033760e+03
2.240309064175814456e+03
2.868084984712267669e+03
2.948305112609609751e+03
2.927317305970176676e+03
2.916261973300186128e+03
2.933145388344601542e+03
2.839000822418411644e+03
2.941579523058021550e+03
3.034115835079890985e+03
2.937775338409213418e+03
2.895815642790637867e+03
1.937100949054054809e+03
2.873725687166690477e+03
2.949488924498337838e+03
2.914065303978038628e+03
2.906981692305937031e+03
2.867315115091700591e+03
