1.629394473481389014e+03
1.796351975618509186e+03
3.086746082094378835e+03
2.083504731335841370e+03
2.123989955426053257e+03
3.134790728237021540e+03
3.184977315573868964e+03
3.226930109816617914e+03
3.220304752519269641e+03
3.077838861264433490e+03
2.292614910530091038e+03
3.188489718913295746e+03
3.098993044283971813e+03
3.170138848095188678e+03
1.318645546546717242e+03
3.140933096246365039e+03
1.747875419936127855e+03
3.116054574899819727e+03
2.583113084568714385e+03
1.553057616364312480e+03
