1.132722564273982925e+03
9.844679497862812241e+02
1.194922783046712084e+03
1.320558550194748477e+03
1.195085237776306940e+03
1.218132175539523587e+03
9.371971300619488829e+02
1.187510174522543593e+03
1.325647747576004349e+03
9.118743923795553883e+02
1.225849020917214375e+03
1.089015367775478353e+03
1.019273357200481314e+03
1.168044250074340425e+03
1.099892559738294267e+03
1.110675915741059953e+03
1.134201558411780752e+03
1.237216406098554899e+03
1.172514417570967225e+03
1.165685650141274664e+03
