1.247892269294220796e+03
1.222188641033872045e+03
1.305316142794363941e+03
1.424067423117466205e+03
1.523609963144014500e+03
1.223159967246420365e+03
1.350132265192153909e+03
1.388694128088481420e+03
1.282157741199838483e+03
1.280488656534336542e+03
1.286779501309544912e+03
1.277941889090434643e+03
1.215630411739525243e+03
1.339987969478505647e+03
1.184885570855871947e+03
1.578967240625304612e+03
1.237916736626237480e+03
1.472196115359840178e+03
1.380794923812227808e+03
1.345751005316961027e+03
