6.574982262318713765e+03
6.556933718732536363e+03
6.493844728596642199e+03
6.594069060382595126e+03
6.430520438796727831e+03
6.517536943165091543e+03
6.464424213374582905e+03
6.513746860193989050e+03
6.628357389255354065e+03
6.543156303243847105e+03
6.478045044213091387e+03
6.499987844989158475e+03
6.614918408851242930e+03
6.617987710794389386e+03
6.572844234259227960e+03
6.505919254934191486e+03
6.555791747155079975e+03
6.449778058652509571e+03
6.561497296011920298e+03
6.489436104396853807e+03
