5.700533989173130067e+03
5.647391255432073194e+03
5.621856870084933689e+03
5.848590146631515381e+03
5.836523288022832276e+03
5.878083955934245751e+03
5.967146410903629658e+03
5.926734962623148931e+03
5.813788568726673475e+03
5.623353156033264895e+03
5.864024416203244073e+03
6.191937385451559749e+03
6.055933732344735290e+03
6.012349780683745848e+03
5.692856747323974560e+03
5.832135740688207079e+03
5.873239795356636023e+03
5.874935131439512588e+03
5.912338067044256604e+03
5.840624648521805284e+03
