6.517480385952973847e+03
6.340296676299432875e+03
6.540823393473607211e+03
6.553154258016379572e+03
6.454146046894855317e+03
6.569519300975847727e+03
6.660957400329462871e+03
6.363040761898444543e+03
6.401253133156144031e+03
6.456095380931943509e+03
6.512835499192111456e+03
6.478550489380986619e+03
6.391488642394498129e+03
6.478286912829872563e+03
6.499528332977027276e+03
6.426039286213162995e+03
6.668263703003313822e+03
6.571523954525754561e+03
6.582944367164848700e+03
6.617567391492690149e+03
