5.848138638701449281e+02
1.199452455921540377e+03
6.332472130134186727e+02
1.116941486099291751e+03
5.453788959029301395e+02
6.438058976352239142e+02
4.167145929546105094e+02
4.133716270663199452e+02
5.017582985349612272e+02
5.619232194559881464e+02
5.852957554618967606e+02
9.859110943695154674e+02
1.062531556378016830e+03
7.876318653992552754e+02
1.474304335856728130e+03
5.782807689119017596e+02
4.461281418520146076e+02
9.031435122123114070e+02
8.100636599647123148e+02
1.047623529502332985e+03
