1.857361725683083932e+03
2.960422969005321647e+03
1.517540889238442332e+03
1.491154536508039200e+03
2.960103925916816024e+03
2.951734396769064915e+03
1.525314093575299012e+03
2.931538157772514296e+03
5.709454255314080910e+02
3.006288257596611402e+03
1.017514572402282624e+02
1.992481603522256819e+03
1.562859961321551737e+03
3.086402414060489264e+03
1.656672567569329431e+03
2.415231944864525303e+03
2.347588290580391003e+03
2.934178457871050796e+03
4.971528143786867986e+02
3.037860526890477558e+03
