2.189818512424533765e+03
4.196922695601365376e+02
5.781721441463688507e+02
1.177290800649270068e+03
1.807595180036991906e+03
6.532154323163595109e+02
7.251764862401983009e+02
2.003231912705762625e+03
2.781115615830490697e+03
2.540091121699424093e+03
1.244572623721841865e+03
1.138259233992186410e+03
2.826871209475816613e+03
7.578044674930398514e+02
1.118894210399058011e+03
2.796541998790566595e+03
5.551590119279971987e+02
1.176476085226683836e+03
9.436180945634706632e+02
1.566315020263245515e+03
