9.397224214223340368e+02
8.443840981749226557e+02
9.810157468816688606e+02
6.589275356527455187e+02
8.001586354972436084e+02
1.109417987044065285e+03
1.177807111308733511e+03
1.078149550623402774e+03
9.714756887735233022e+02
1.278375602300862965e+03
1.085343456602969809e+03
7.048539551365590796e+02
7.719771080906125462e+02
1.215041190423321723e+03
1.160173664695780417e+03
1.412795990628548680e+03
8.491327445062820516e+02
1.248888379986532527e+03
9.933379790272817900e+02
1.546170855003235374e+03
