6.060818880402247260e+02
5.772661922505020584e+02
7.289605693784488949e+02
5.755278005186240762e+02
7.955849954902793115e+02
5.733168324819357622e+02
8.496359147031388375e+02
5.204560482577461471e+02
4.641811507170619393e+02
6.343332914256870936e+02
5.118301063022104245e+02
6.018066395998204143e+02
1.115072656944511436e+03
6.378049578645365045e+02
5.542776381017757785e+02
8.183182464041999538e+02
8.405827210762861341e+02
7.619729168869176874e+02
8.101083486471530932e+02
5.731896574619412377e+02
