2.859097657137665465e+03
5.543189492605273472e+02
5.568979723760490970e+02
2.769756230704286281e+03
5.244813640920001490e+02
6.660598119856032326e+02
5.501750324236214738e+02
2.743514371670092260e+03
5.296879165440674342e+02
4.548950723437515649e+02
1.043662222822718832e+03
5.587805464170238565e+02
6.226869112230867813e+02
2.826236967282789465e+03
2.796249062685005811e+03
1.574259260499342190e+03
5.062489813095644422e+02
2.820440724836914342e+03
3.399458537203557853e+02
4.341433106414270355e+02
