2.997076984411205558e+03
2.924939441326433098e+03
2.969381469455674505e+03
2.992510725748960340e+03
7.763829459130195119e+02
3.031757276466292296e+03
3.025972118385712292e+03
3.019330895816363409e+03
3.039373332499307708e+03
2.996424801635863332e+03
2.565331855734285000e+03
3.015559947654539428e+03
7.319746788386974004e+02
2.970238551500775429e+03
3.018580187210517579e+03
1.547153704593655448e+03
8.305151885609667488e+02
3.036513193680479162e+03
3.025844063983402521e+03
3.036726564589459485e+03
