2.713544898539701535e+03
7.178654622561964516e+02
2.607759440545853522e+03
1.545643509098470759e+03
2.740036322294602087e+03
2.786417302220442252e+03
2.695143287944355507e+03
2.778960225897167220e+03
2.757701819306677407e+03
2.713852283658317901e+03
5.239238560392976751e+02
2.646285742996478803e+03
2.630636360213345597e+03
2.704594249781427152e+03
2.753348185098025624e+03
2.788922058826399279e+03
2.197672545942087709e+03
2.709780143672741815e+03
2.768312242249519386e+03
2.756737317832924873e+03
