1.240928095479877356e+03
1.009745666019176497e+03
3.177745127791546111e+03
9.437326296065565430e+02
1.016718050698010074e+03
9.725686658714124633e+02
1.264097501762811135e+03
1.026468471388295256e+03
9.548327605097363175e+02
1.077232462096073959e+03
1.319308361366267263e+03
1.141263984366991281e+03
9.820756030092609308e+02
9.582257410109891680e+02
9.926012916090764975e+02
1.350513438303259591e+03
9.810591447137780960e+02
1.013706650299350940e+03
1.408977574958518289e+03
9.636818364652165201e+02
