6.830537467812711157e+02
7.541174323626012210e+02
6.221206896881925559e+02
7.288467985244681131e+02
5.152370082578705706e+02
6.869277080684234988e+02
6.762735881722460363e+02
7.898257381782540278e+02
6.654347668407858691e+02
5.862569338024964054e+02
7.395304933302190875e+02
6.460301455583462484e+02
5.157247413234717897e+02
5.377474114909725813e+02
7.449081231661407401e+02
6.948990921492443249e+02
7.589109807196688280e+02
6.546557489482813708e+02
6.267607779791185294e+02
6.711615779684136669e+02
