3.127777775053738424e+03
2.431661963813796774e+03
2.684617146995209623e+03
3.258164233255879481e+03
1.150712687424153955e+03
3.248273225332403399e+03
2.565211604331422677e+03
3.186532522382513434e+03
3.237381734610562489e+03
2.347257756171327856e+03
3.270146037846111085e+03
3.187915988704379743e+03
3.216752583323057934e+03
1.777959914882795147e+03
2.859413170148788595e+03
2.326880337086996860e+03
1.220146905058021730e+03
2.640567421735937842e+03
2.578117847272794734e+03
1.854588496830820077e+03
