3.787618891426743630e+03
3.572841453308190466e+03
3.583701772835477641e+03
3.778594282252430276e+03
3.538093489004179901e+03
3.453358478458111222e+03
3.671244671987353740e+03
3.680405779178484408e+03
3.607751722060140310e+03
3.534876328982896212e+03
3.811176777355328340e+03
3.610078424692206227e+03
3.582722080456354888e+03
3.702327974909612749e+03
3.614900017121462042e+03
3.473720115734572119e+03
3.776275357931611325e+03
3.389882233617227939e+03
3.688997892589994535e+03
3.636533929772484043e+03
