3.206323040682437750e+03
3.387654234119022931e+03
3.265040469305218267e+03
3.218507366003726929e+03
3.257264295817260063e+03
3.302253981524032952e+03
3.219056302317719201e+03
3.379008991178049655e+03
3.360233261549789859e+03
3.497915186102139614e+03
3.078221662475502399e+03
3.279321462663540842e+03
3.202292843650912801e+03
3.172953242794222660e+03
3.518714769597623672e+03
3.319420316440332954e+03
3.600112161287890103e+03
3.361376818264906433e+03
3.582214279532313867e+03
3.149258738190357235e+03
