3.786795885590139733e+03
3.661783783917929668e+03
3.596360634702240986e+03
4.010115384469802848e+03
3.805821550048977770e+03
3.594087993612828996e+03
3.676434915620272477e+03
3.468521234219900180e+03
3.598272385892975308e+03
3.756396392979105258e+03
3.845576892594823676e+03
3.863898013943356545e+03
3.430472478528475222e+03
3.889953823915643625e+03
3.717493254530055765e+03
3.760881376064795859e+03
3.699622949745892583e+03
3.647124320155385703e+03
3.753027089759072169e+03
3.698901433670506776e+03
