5.309386448308366653e+02
6.131467596496677288e+02
5.899087477557632155e+02
5.547212138298277750e+02
5.841973204825360426e+02
4.931628215383913698e+02
6.273923640416011267e+02
6.551876558595462257e+02
5.460106997374385855e+02
6.356868072655809101e+02
5.274549222085215661e+02
5.251700939672225559e+02
5.728126505428282371e+02
6.230905843428218986e+02
5.641956318225649056e+02
7.344679717284984690e+02
5.790267024928094770e+02
6.463347377909809666e+02
6.290848171516391858e+02
6.127403822102467075e+02
