5.756464509655432948e+02
7.768436268931432096e+02
8.628349554637542269e+02
1.021896220656568744e+03
6.974715100143555446e+02
6.595258420722115034e+02
8.274700069433267799e+02
8.655122384510076472e+02
7.106077228715158753e+02
7.021837769018837889e+02
5.354146607320395788e+02
8.733087385137214369e+02
7.615384108157011269e+02
9.531901647765940879e+02
7.831556330222875886e+02
7.476816248266056846e+02
7.630023807180701851e+02
9.050800734385245505e+02
6.812565129264419284e+02
7.410062158297851056e+02
