9.491873092923328841e+02
1.220153141012886863e+03
2.152562502482906893e+03
1.004650600337952369e+03
1.844074452638738876e+03
2.854662274329692082e+03
1.082528660450064763e+03
5.964056030463651723e+02
2.940321787690047586e+03
2.298841784653055583e+03
1.508998381232832344e+03
1.217352577184462234e+03
2.925784186786457212e+03
1.265079359147798641e+03
1.374713230963084470e+03
9.308726153420998344e+02
1.214373724476317875e+03
1.158475695138533410e+03
7.615550450125966790e+02
9.492544668551358882e+02
