6.483518341954024891e+02
7.546121774837152998e+02
6.738775684099308592e+02
5.386172271116589627e+02
6.957654429441307684e+02
1.310294422196918731e+03
1.096530376141956367e+03
5.402049651836510975e+02
2.561723326440782330e+03
1.089813810806869469e+03
5.555487761357783256e+02
5.477884394515715485e+02
1.193206688853973446e+03
9.356055061655251848e+02
1.157153100240622734e+03
1.480549702157002002e+03
9.215327561411011175e+02
7.532041190524784042e+02
6.184664761596097549e+01
4.154038020039400294e+02
