1.367658000837497411e+03
1.093514856339973903e+03
3.157906595623117937e+03
1.808313866217474470e+03
2.087464388541944118e+03
3.026524737100980929e+03
1.614069574648919115e+03
2.211273654307358356e+03
1.144181211395335822e+03
3.033220860597224600e+03
2.922084084231292763e+03
2.958531333960446773e+03
2.987425399871605350e+03
2.959971460157802994e+03
2.896956176856032471e+03
2.977768356594065153e+03
3.046771198390284098e+03
1.129474775741193298e+03
1.233199733314470677e+03
3.011135220457550986e+03
