2.293258226224347709e+03
2.289945866594869130e+03
2.347273325226986799e+03
2.277212383197789677e+03
2.320601511752705846e+03
2.279984538682316725e+03
2.274880109568864100e+03
2.229331517983082904e+03
2.269739266745229997e+03
2.280919563533186647e+03
2.276750052375986797e+03
2.249699640297993938e+03
2.251650486653468761e+03
2.197568931426926156e+03
2.259124371932592567e+03
2.243093295905545347e+03
2.271596717439557324e+03
2.349746619037030086e+03
2.287669780619297853e+03
2.267814885915934155e+03
