2.075486760780757322e+03
2.058830860157091593e+03
2.121514542882171554e+03
2.074210969368555197e+03
2.185128187098458056e+03
2.075300138781052738e+03
2.071471395833231327e+03
2.075252017415853970e+03
2.104064846446317915e+03
2.095638639955839153e+03
2.093475631740479912e+03
2.087558120302880980e+03
2.078656836832353747e+03
2.086771297705239704e+03
2.066233826614295594e+03
2.045922467199214907e+03
2.083609584950348562e+03
2.063817862348109884e+03
2.149281912430069042e+03
2.140337118032097806e+03
