2.432002166287598357e+03
2.469695095553100145e+03
2.416246385973180168e+03
2.447913568262340959e+03
2.384975519577104023e+03
2.434274850000128936e+03
2.396184000391353493e+03
2.405124526986788169e+03
2.429125386331002119e+03
2.412215254429123434e+03
2.391021118772908721e+03
2.397026654528378003e+03
2.485070872172327199e+03
2.402711114991998329e+03
2.421526869455102315e+03
2.446360944899816786e+03
2.485010610252117658e+03
2.425460978581103063e+03
2.446664833554445067e+03
2.472467398983512339e+03
