4.233451114149687555e+02
1.060751794603088683e+03
4.565182224282646075e+02
3.126332093153044752e+03
3.725750328744331455e+03
1.864425602064366785e+03
2.101581222235982295e+03
1.246838087245819679e+03
1.476302149549352862e+03
1.778601163850639750e+03
2.635288471279984606e+03
1.396733456354414557e+03
1.609250938063261628e+03
3.046905965801538059e+03
2.177812095612188386e+03
2.848086186166489824e+03
3.176367322810600854e+03
4.268523360715415947e+03
1.673682324691847271e+03
1.887042250773770093e+03
