4.562930967496093899e+02
5.175703294638512943e+02
4.956627549690481374e+02
4.828873152101025994e+02
4.898261160859140091e+02
5.576645513999635568e+02
4.863900037740986591e+02
5.364928893287045639e+02
6.375389010270822610e+02
5.296803759589303127e+02
5.688766478286440815e+02
5.711304320502018754e+02
6.036706797707942087e+02
5.967391985480027188e+02
5.706287124693101305e+02
6.095314435912043791e+02
6.583027607982642166e+02
8.501076338135469541e+02
5.259998557555129537e+02
5.487581302926786293e+02
