5.018171690792149775e+02
5.900281349186085436e+02
5.000214675531448165e+02
5.882634376841901940e+02
7.013950677675727547e+02
5.432701756545426406e+02
4.974872148530350842e+02
5.851997922615709058e+02
5.772650266468782547e+02
6.249789674025628301e+02
5.273715826516263405e+02
5.371835832198494245e+02
5.440441103711417554e+02
5.436887468122597511e+02
5.447390091100006657e+02
5.194278577365192859e+02
5.347663956310766480e+02
5.846995819218213910e+02
5.172070514018089398e+02
4.720044159296529074e+02
