7.567580677288561901e+02
9.331084002035289586e+02
6.424336879956982784e+02
6.298626818641149612e+02
7.424579056183252987e+02
1.040671968978404493e+03
7.413260036912589612e+02
8.189825459505166236e+02
4.926069196666494463e+02
1.046219888826993156e+03
9.624068732818456056e+02
9.366487142233512486e+02
9.303665721298593780e+02
8.023623961628077268e+02
9.250174855296266969e+02
7.919483989466258436e+02
9.293650011459092184e+02
7.801175262970705262e+02
7.349881621370263929e+02
6.836393705177639504e+02
