1.125925245619888074e+03
1.372979240104631799e+03
2.916207950952416468e+03
3.835119445838343836e+03
2.247205104762959763e+03
1.269456175919817724e+03
1.183632920913620637e+03
2.337878136504207760e+03
8.556783870242607009e+02
1.232205671285103790e+03
2.183043339828385797e+03
8.125170999375543488e+02
9.447406729425838421e+02
4.056562318883977696e+03
2.449604931230591774e+03
1.010072809835470139e+03
1.367689227344611936e+03
8.088935690453030247e+02
9.804144511299318765e+02
1.326797630547979679e+03
