8.161301164108916055e+03
7.931468771955192096e+03
7.853733275399679769e+03
7.932232232739766005e+03
7.993425841470993873e+03
7.843997966057584563e+03
7.821781564102286211e+03
7.876591851742090512e+03
8.012024227579893704e+03
8.090693131678215650e+03
8.360075780733932334e+03
7.947509282626611821e+03
7.952489001875213035e+03
8.095314713841929915e+03
7.995388404407849521e+03
8.143689679440183681e+03
7.970144346853110619e+03
7.787827852497171079e+03
7.727694854065480285e+03
7.883335071422681722e+03
