8.132695934079204562e+03
8.269063531446281559e+03
7.954439492013811105e+03
8.073832458279453931e+03
5.820902533018863778e+02
8.112633543023529455e+03
5.618994471374656314e+03
8.093432230389472352e+03
7.821393726307283941e+03
8.148885096947718921e+03
7.936159151535304773e+03
7.880134152872487903e+03
7.842077065884047443e+03
8.058138573345700934e+03
8.006378127509427941e+03
8.304333388684575766e+03
8.030262914947347781e+03
8.268556642981102414e+03
7.931471777952670891e+03
7.865366875725770115e+03
