7.722515803551425961e+03
7.690783549554143065e+03
7.929705551409983855e+03
7.886195266139839077e+03
7.908060923621098482e+03
7.878636994513661193e+03
7.674170485340981031e+03
7.569142338128931442e+03
7.027559076748264488e+03
7.513561925021649586e+03
7.828837803643666120e+03
7.744462858706837324e+03
7.710094991112579919e+03
7.710776819401608918e+03
7.689158258053691497e+03
7.550134096378216782e+03
7.813486105073523504e+03
6.967096811895277824e+03
7.681884644404446590e+03
7.808324979345939028e+03
