8.164343835620989012e+03
8.054700111299408491e+03
8.161384446312103137e+03
8.423437201348484450e+03
8.301029539948782258e+03
8.071942080063473441e+03
8.128575354568828516e+03
8.074431151968401537e+03
8.073398651610055822e+03
8.318595317046325363e+03
8.519725844238291756e+03
7.953625034324963963e+03
7.955240381163726852e+03
8.136005899003854211e+03
7.837468737987042914e+03
8.238191164437364932e+03
7.894178031917626868e+03
8.439600032330656177e+03
8.195998294607557909e+03
8.322704141645759591e+03
