7.950949490574282208e+03
7.804317065658060528e+03
8.025615740230500705e+03
8.083973295439873255e+03
8.191101731829631717e+03
8.173321949784562094e+03
7.844867750300283660e+03
8.030968284647232394e+03
7.959671505872311172e+03
8.151462177903439624e+03
8.182834370632157516e+03
8.263370294179580014e+03
8.046083845035032937e+03
8.153563121032807430e+03
8.151768264854349582e+03
8.403884677665586423e+03
7.966896423256923299e+03
8.230954009810855496e+03
8.087977846806104935e+03
7.770381919694522367e+03
