7.408765144260954003e+03
7.471844706597499680e+03
7.558653296082803536e+03
7.068248898158632073e+03
6.966463953016545929e+03
7.123579834533511530e+03
6.563795623184377291e+03
7.328081184847674194e+03
6.945223556447898773e+03
7.541404517557174586e+03
7.768043946187591246e+03
6.729345390873881115e+03
7.728132634647090526e+03
7.362507923490065878e+03
7.496865204590107169e+03
7.381258012929106371e+03
6.869014560868122317e+03
7.453445212042432104e+03
7.445918445168759717e+03
7.671625440888646153e+03
