3.656618520104974323e+03
3.638899800141474770e+03
3.638663643048860195e+03
3.597839843037197170e+03
3.699173746509472039e+03
3.685401138793950395e+03
2.285739540400998976e+03
3.626868406434832195e+03
3.653908284281837041e+03
3.664803320472944961e+03
2.423152870728887137e+03
3.671232690007209840e+03
3.643098228639088575e+03
3.653386879819055594e+03
3.635440053071881266e+03
3.625777527107686183e+03
3.696256683452024845e+03
1.926646624999865935e+03
1.766741571662475508e+03
3.846191433159714506e+03
