3.166881726348524353e+03
3.194940836923294228e+03
1.874191956560737253e+03
2.961275839553617971e+03
3.165613505548323246e+03
3.198919524676824494e+03
3.165780548258012004e+03
3.182993156217394699e+03
3.215154957580813516e+03
3.166563617363380217e+03
3.169212050342521252e+03
3.181641920724131069e+03
3.185791458001535375e+03
3.190758731216802516e+03
3.189594643538619039e+03
3.167786832483020135e+03
3.145890293263250442e+03
1.959959931428453501e+03
2.492599285144499390e+03
3.140420553436795672e+03
