3.013977950786899328e+03
1.792463210683790976e+03
2.779541247719133480e+03
2.990450435777249822e+03
3.015732072655672710e+03
3.020322795387534825e+03
2.525367681352370710e+03
3.021981030737225865e+03
3.000421116921693738e+03
2.933985190576136574e+03
3.003916839695396447e+03
3.059214602208900033e+03
1.377245364850034775e+03
1.863918835479310701e+03
1.110661545392946209e+03
1.502745099673154755e+03
3.010527700693151928e+03
2.998640369476764135e+03
1.860912186718221847e+03
2.931525183719279539e+03
