1.012746470570891461e+03
2.817839709351440888e+03
1.044318449340679535e+03
1.188802594277204889e+03
1.487969468469714457e+03
1.159441519362623012e+03
9.393449482643086412e+02
1.984943030509410619e+03
1.348753448937262647e+03
2.917959584001688199e+03
1.430468570307036089e+03
1.412269774316966277e+03
1.421503630864640400e+03
1.371725425543849951e+03
1.384624038334144643e+03
1.115403120553176450e+03
2.129614659702916470e+03
8.343680360686274753e+02
2.991149512429011793e+03
7.562221750263679496e+02
