7.564521088059359499e+02
1.233068800779506773e+03
5.466059946583492319e+02
6.703705546405456062e+02
5.078534325472475075e+02
5.866607288115384335e+02
7.712039707709598133e+02
7.166495447970752366e+02
8.056958921910926392e+02
6.366909502337525737e+02
7.220928396414575445e+02
6.556387310306115523e+02
6.318332287993449654e+02
8.185564874126698669e+02
5.829417785019123812e+02
7.564404247644297357e+02
6.337916845797135466e+02
7.142657883424780039e+02
9.222016418203273815e+02
6.247301239123817140e+02
