2.990673677088353998e+03
3.028925521832728919e+03
2.751807726819584786e+03
2.997631498663774437e+03
2.959509321119840024e+03
1.512891841814440340e+03
2.974738954839564940e+03
2.038415618008701131e+03
3.004208387783844046e+03
2.795554715972958093e+03
2.999035070990884833e+03
1.725539551952028205e+03
1.989547045110507725e+03
9.059919062284487836e+02
2.986464547346312884e+03
1.825882806508012209e+03
2.964330164569783392e+03
2.978659343853967584e+03
2.978436090457025784e+03
2.330917826462592075e+03
