6.296710191656449751e+03
6.044938114958094957e+03
6.170787841275562641e+03
6.147360165715052062e+03
6.025678583090726534e+03
5.930877898812636886e+03
6.020288869290147886e+03
6.190557307975950607e+03
5.897642475644761362e+03
5.933889488372948108e+03
6.228035633520804367e+03
5.777511230646449803e+03
6.133927385145919288e+03
6.222059651136899447e+03
6.255241602473058265e+03
6.162185340921540046e+03
6.128596063942600267e+03
6.005458814085470294e+03
5.886382510363758229e+03
6.163353534265958842e+03
