6.548363567088529635e+03
6.340013563149470428e+03
6.125254229004461195e+03
6.568545468247510144e+03
6.425825957083201502e+03
6.629000188089805306e+03
6.539364709970617696e+03
6.647257015967958978e+03
6.418132283618172551e+03
6.459561548707060865e+03
6.398087883585845702e+03
6.500768195063755229e+03
6.598194083436708752e+03
6.480494706813770790e+03
6.525266213846909523e+03
6.414776248496485096e+03
6.497808830401558225e+03
6.381858907232999627e+03
6.559084547612685128e+03
5.985383247161258623e+03
