7.253864778266431131e+03
7.418028944484890417e+03
7.302197306622539145e+03
7.346115226320034708e+03
7.121568521047229297e+03
7.306197897226689747e+03
7.267047694151183350e+03
7.292107145390775258e+03
7.260767005592560963e+03
7.241934471734389263e+03
7.221798903578369391e+03
7.408267542721241625e+03
7.308125123850320961e+03
7.322414087059332815e+03
7.231303416906448547e+03
7.339779207917710664e+03
7.398926611653404507e+03
7.212066051478314876e+03
7.333229415822206647e+03
7.312344996610569069e+03
