6.750626387344578688e+03
6.768775355336863868e+03
6.814504290357239370e+03
6.696308653461162976e+03
6.763618482027548453e+03
6.788037460863332853e+03
6.725056765008904222e+03
6.704410933416378612e+03
6.919862253068361497e+03
6.725506484520100457e+03
6.737896324436072973e+03
6.855658050384498893e+03
6.597501718378513033e+03
6.703831981925819491e+03
6.734520046389303388e+03
6.609091913505489174e+03
6.812366016701966146e+03
6.878765296292500352e+03
6.579564148434319577e+03
6.571569160239901066e+03
