5.275001115345141898e+02
5.222065380131934944e+02
5.439450279123292376e+02
4.777716842411230687e+02
4.978552179481426947e+02
5.608312996268617781e+02
4.836790223337342240e+02
4.980509519643211434e+02
5.767840108111485051e+02
5.612930754951352128e+02
5.166328432121463266e+02
5.511630515684774991e+02
5.575549699057156658e+02
4.774333012583106779e+02
5.179920923824623742e+02
5.551202025555013506e+02
4.822286910263767936e+02
5.997189389035077056e+02
5.109628136946885206e+02
4.986781575701064639e+02
