2.754690614915821243e+03
2.777268457339527231e+03
1.740217362032786639e+02
2.725243137583265252e+03
2.867210207023056682e+03
2.774311092981110050e+03
2.803867918328613086e+03
2.792836102655379364e+03
2.880801807395567266e+03
2.812613440292474934e+03
2.752653235017372481e+03
2.797483662222952717e+03
2.836963438469125322e+03
2.797569260245265468e+03
2.819379628861120182e+03
2.789569579873408202e+03
2.798698248405989034e+03
2.802032214510990343e+03
2.828125933520097078e+03
2.847911844129222573e+03
