3.154507705535696459e+03
3.048111672683183770e+03
3.184074225183003819e+03
2.997523064970868745e+03
3.147308625265440696e+03
3.153329810476062448e+03
3.117585198000312630e+03
3.148096973484138744e+03
3.131901728578594884e+03
3.148494686500548141e+03
3.199201379151486890e+03
3.081167138557090311e+03
3.147048523014625516e+03
3.231716460993558030e+03
3.178283592778921957e+03
3.070420664600914279e+03
3.153736441686612125e+03
3.098791581605826650e+03
3.134713701759505057e+03
3.186326332594907399e+03
