3.080909109284455099e+03
2.960981456938771316e+03
3.037778859676884622e+03
2.438522580394453030e+02
3.005036432059153867e+03
3.067836852003576951e+03
3.059923497335877528e+03
3.054652729139606890e+03
3.018777547479299756e+03
3.046847028546882939e+03
3.175463629618112464e+03
2.352581130198506685e+02
3.036192819384749328e+03
2.271386039451594456e+02
3.067713617864271782e+03
3.042148603842985267e+03
3.069135839916287296e+03
2.367688440136153929e+02
3.184172220485972048e+03
2.419102395665843517e+02
