8.072967993888797764e+02
6.155217860449555474e+02
5.695768879299720311e+02
6.487056715611441859e+02
6.148746948573760847e+02
6.442791729949824457e+02
1.293892190968610748e+03
7.705928076052756523e+02
8.294721811263917743e+02
5.507417611005245135e+02
1.285057238205296926e+03
2.509740444656652301e+02
5.413682761666575516e+02
8.729407682378192703e+02
7.934402586353506877e+02
6.651360605805211890e+02
6.950030519526427497e+02
6.182166704562874884e+02
6.737964779243797011e+02
9.064090245471404614e+02
