5.727633418930059634e+03
5.963986148539048372e+03
6.135743494394439040e+03
6.026013247073002276e+03
5.615081815529018058e+03
6.257770185640150885e+03
5.945554101496351905e+03
5.991672345184427286e+03
6.037230501402455957e+03
6.155117330782066347e+03
5.793383070371131907e+03
5.915568824378759018e+03
6.125143025161228252e+03
5.826748230664696166e+03
5.995423113957266651e+03
5.908688728635236657e+03
5.987281541499266496e+03
6.034539625124344639e+03
6.009431849253938708e+03
6.046308394948798195e+03
