5.904214673060946552e+03
6.001854300286669059e+03
6.039385906906079072e+03
6.145536104117152718e+03
6.103993814789721910e+03
6.136011583521290049e+03
6.202320881911734432e+03
6.260735514971376688e+03
6.238270808913540350e+03
6.206618335652087808e+03
6.045600750926129876e+03
5.705709612948223366e+03
5.982885670072168068e+03
6.000298684398195292e+03
6.264354387856448739e+03
5.996152955698526057e+03
6.001071299253172583e+03
6.161491932026749964e+03
5.988507344607231062e+03
6.020134470922107539e+03
