5.961228515398470336e+03
5.876400728887598234e+03
6.088479795245678361e+03
5.867876985797461202e+03
6.227941003920494040e+03
6.048321342101949085e+03
5.931996463465039596e+03
5.816620020774417753e+03
6.044525936493516383e+03
5.898612115118344263e+03
6.114040456320253725e+03
6.223460582963413799e+03
6.247749511191610509e+03
6.028149788091051050e+03
6.231348645725281131e+03
6.203481878769161995e+03
6.055513594539957012e+03
6.159327337464406810e+03
6.161475428123759229e+03
5.994910881137559954e+03
