5.992602457560936273e+03
6.051248255825470551e+03
5.579617654004388896e+03
6.071893913543563940e+03
5.970734877963811414e+03
5.944209253058519607e+03
5.914978127639829836e+03
6.069942365760882240e+03
5.988040879364317334e+03
6.000775206378505573e+03
5.980043804345684293e+03
5.884598633734663963e+03
5.954643037960467154e+03
6.132135856261905246e+03
5.923813181447057104e+03
5.962896141448614799e+03
5.770087143254010698e+03
5.965077751297831128e+03
6.099422018115307765e+03
5.788972470883346432e+03
