3.345977204154370156e+03
2.870116583425654881e+03
3.440505955106881629e+03
3.307401388173851046e+03
3.307015722499595995e+03
2.746317836824469850e+03
3.458310895995388364e+03
3.293887270651249764e+03
1.819236546397537495e+03
1.867294447261033156e+03
3.490637972224731584e+03
3.558860471031734960e+03
3.435146033054809777e+03
3.619748605599399070e+03
3.273065260343696082e+03
3.376433455138356294e+03
3.466451742230010495e+03
3.499273352086931482e+03
3.471907943074884315e+03
3.469475554907345668e+03
