7.412713700069155038e+02
7.488665236605520477e+02
4.937939440579329471e+02
8.859852584356981424e+02
4.962796263967180721e+02
1.152059347450884388e+03
5.428142429215636184e+02
1.234997944173527912e+03
1.118368018832156395e+03
1.139838456577154602e+03
7.357901924264202762e+02
9.313761155234661828e+02
8.354222470998116705e+02
1.226840091909200737e+03
1.621713542457536732e+03
1.357995130087121879e+03
1.303139121451954225e+03
9.292845382227052369e+02
7.956735918145161577e+02
1.148442920604833262e+03
