6.779567982209408910e+03
6.609613849118494727e+03
6.714302595965746150e+03
6.322480432786504934e+03
6.809431181894095971e+03
6.504374040204917947e+03
6.733550582510883942e+03
6.679696485937988655e+03
6.744519617273585936e+03
6.799687080086230708e+03
6.489501706675368951e+03
6.882588675351077654e+03
6.656167101185257707e+03
6.957674405534797188e+03
6.887829153175710417e+03
6.846250032132211345e+03
7.109262013039097837e+03
6.646077448217638448e+03
6.808096189122747091e+03
7.022443433828231719e+03
