6.776353739895948820e+03
6.824773645049561310e+03
6.817260762322307528e+03
6.884411951728904569e+03
6.844094591568113174e+03
6.736820689608795874e+03
6.640104672966063845e+03
6.623746798623397808e+03
6.935226019536557942e+03
6.762296307496895679e+03
6.940523962301461324e+03
6.882631692601827126e+03
6.588001231603120686e+03
4.645769071441908636e+03
6.862869076525185847e+03
6.495759905200122375e+03
6.804824073928496546e+03
6.971472265200183756e+03
6.596045166876793701e+03
6.633158268328968916e+03
