5.991217465346113386e+03
6.018778211943387760e+03
6.021918135602889379e+03
6.007215997147382041e+03
5.982819614015108527e+03
6.187875372518819859e+03
5.817572274118913811e+03
5.927630208258136918e+03
5.928098541461564309e+03
6.136583349576628279e+03
5.897516128206032590e+03
6.074557415438942371e+03
5.898884538528740450e+03
6.046225780234430204e+03
6.001657597652805634e+03
5.994156245884714735e+03
6.042768027246322163e+03
5.973107259725646145e+03
6.018716367998378701e+03
5.847298258807557431e+03
