5.951578864930794225e+03
5.905983878786419154e+03
5.834919487336273960e+03
5.564480652225755875e+03
5.700898170237675004e+03
5.844207534481394759e+03
5.822982674864641012e+03
5.808289139948256889e+03
5.860565192361815207e+03
5.773198217650859988e+03
5.930131618870895181e+03
5.771744498041019142e+03
5.763940456014921438e+03
5.901880483897588419e+03
5.792219566480756839e+03
6.067725330728649169e+03
6.002710254154290851e+03
5.667781830999316298e+03
5.729738348128914367e+03
5.886281205438975121e+03
