6.538267453788963394e+03
6.528877461390009557e+03
6.543884846751782788e+03
6.474549895526272849e+03
6.543030700757852173e+03
6.610584588875507507e+03
6.513650158375197861e+03
6.583819078168652595e+03
6.595449716691394315e+03
6.672255595710476882e+03
6.488371191884226391e+03
6.411577311003686191e+03
6.502417614035430233e+03
6.514955693754089225e+03
6.625782577537238467e+03
6.317954098903706836e+03
6.608938351100649015e+03
6.509198666453520673e+03
6.493442905999828326e+03
6.498725015612060815e+03
