6.430132742354793663e+03
6.319351000235092215e+03
6.519766739945916925e+03
6.371045737889053271e+03
6.224834843925201312e+03
6.442713826228638936e+03
6.189090739325297363e+03
6.185331705014629733e+03
6.240663238944141995e+03
6.468192088704946400e+03
6.370435032930790840e+03
6.328632586908933263e+03
6.359395180577224892e+03
6.280883621906562439e+03
6.388745543839938364e+03
6.300643545665628153e+03
6.427040653797251252e+03
6.245082958596276512e+03
6.212764179465190864e+03
6.279759170024960440e+03
