5.279089775973643555e+03
5.313636538106617081e+03
5.393534143893352848e+03
5.348631704179222652e+03
5.344693111680243419e+03
5.378818181709697456e+03
5.541132509132175073e+03
5.549431962693483911e+03
5.347416250290319113e+03
5.269954167917748237e+03
5.503632426997731272e+03
5.344965412610816202e+03
5.507266208555326557e+03
5.502751451172971429e+03
5.577959819739108752e+03
5.456661372360261339e+03
5.252954024287216271e+03
5.257546058730182267e+03
5.281232859289154476e+03
5.327858398356823272e+03
