5.902616245049252029e+03
5.613167686420955761e+03
5.720073881730487301e+03
5.847805980721744163e+03
6.084267596807233531e+03
5.733125911048834496e+03
5.844261977395796748e+03
5.696438464872085206e+03
5.882918259691563435e+03
5.865590561891595826e+03
5.811846280962870878e+03
5.951865167171124995e+03
5.703034367270739494e+03
5.793899894829242839e+03
6.071993440341590940e+03
3.997416723793803158e+03
6.112131720965080603e+03
5.876885770192228847e+03
5.865194572019448970e+03
5.593556743691622614e+03
