3.148895417632230874e+03
3.284530243315344705e+03
3.238129245957678449e+03
3.208875065651519890e+03
3.531460161241122478e+03
3.325021394171762495e+03
3.256955351101087217e+03
3.271234030130185147e+03
3.427742039471637781e+03
3.189595237810224262e+03
1.852216468405701562e+03
3.412755392451619628e+03
3.321157660019365721e+03
3.351415485584461749e+03
3.491577591392159320e+03
3.405985638112315428e+03
3.414271746491624526e+03
3.330636683820839153e+03
3.444525607965914787e+03
1.067401893870959611e+03
