3.349021291749833381e+03
1.815644506810958774e+03
3.283832546821333381e+03
2.964413096742117432e+03
3.238887626947000626e+03
3.097219096816271303e+03
3.240037531445684635e+03
2.230956736200607793e+03
3.193434346377368456e+03
3.157926950739423773e+03
3.308317176930486767e+03
3.173126861987641405e+03
2.340031119799582484e+03
3.336729033828399224e+03
3.344378388537651063e+03
2.963998969829407088e+03
3.428696065630125304e+03
3.207391807133256862e+03
1.847896934688060355e+03
3.318943042200685341e+03
