4.616169293029988694e+03
4.938252248620180580e+03
4.368678585992010994e+03
4.647165718967853536e+03
4.851053842053847802e+03
4.821418135744612300e+03
4.560877656862237927e+03
4.960865081052529604e+03
5.216210630326284445e+03
4.992818167197749062e+03
4.930935223687527468e+03
5.024168455319430905e+03
5.157591913054752695e+03
4.594972973006557368e+03
4.991981427465314482e+03
4.825668588617296336e+03
5.061303780056142386e+03
5.116360816616444026e+03
5.020923960397227347e+03
4.419804625714456051e+03
