5.619458913100918835e+03
5.561238544313549028e+03
5.517518119592445146e+03
5.789137092570733330e+03
5.618830300955273742e+03
5.569882182004314018e+03
5.527226837353551673e+03
5.520563228567382794e+03
5.629678040051747303e+03
5.758775773499714887e+03
5.396831357533678784e+03
5.288565159406539351e+03
5.582768131165577870e+03
5.641250051751110732e+03
5.596578670438510926e+03
5.512004712882004242e+03
5.555896656947221345e+03
5.594168375163764722e+03
5.539657821419163156e+03
5.434727042194464957e+03
