5.323717916533569223e+03
5.105421846211194861e+03
5.369868163856849606e+03
5.264833255364794240e+03
5.475704742225821064e+03
5.437065530450558981e+03
5.041873048326533535e+03
4.835968672880526356e+03
5.290608730796447162e+03
5.009096110366565881e+03
5.286652061633760241e+03
5.181839632518804137e+03
5.168794451381912040e+03
5.276275364497719238e+02
5.345941580429119313e+03
5.250364709500784556e+03
4.958257438590530910e+03
4.950555478093273450e+03
5.317490791826146960e+03
4.180500433223466644e+03
