5.471596807393212657e+03
5.513543916169170188e+03
5.275063358907421389e+03
5.467814954066788232e+03
5.506750320052397001e+03
5.505102795266770954e+03
5.659039128540640377e+03
5.638831705344827242e+03
5.545960333182563772e+03
5.482848299040506390e+03
5.487582587150061045e+03
5.515272704704489115e+03
5.553690757181207118e+03
5.521935926161288990e+03
5.473236911047036301e+03
5.514331757369383922e+03
5.469585366923855872e+03
5.476072715967762633e+03
5.452717303504948177e+03
5.397655190364045666e+03
