3.218010132008312212e+03
1.176379432700698317e+03
3.262920834329300760e+03
3.208590535705997354e+03
3.224965686704165819e+03
2.299307274606749161e+03
2.319412939081584227e+03
2.014084621761435756e+03
3.206384129361603300e+03
2.812447619413951088e+03
2.518920153441191815e+03
2.980055730579224473e+03
2.606301211760049682e+03
3.220043674151549567e+03
1.148257295630088038e+03
3.227250288800328690e+03
1.287108695292414950e+03
3.211302696872912747e+03
1.416162750139723812e+03
1.223382204749796529e+03
