3.659083494564251396e+03
3.643965600077087402e+03
3.656488861704202918e+03
3.588107001347229470e+03
3.673149958656443687e+03
3.666886008434092219e+03
3.651980381871453119e+03
3.662485723252536445e+03
3.681667151675522746e+03
3.669736787366873159e+03
3.688283941906751807e+03
3.703899505539170605e+03
3.702758719345782083e+03
3.556761635602189472e+03
3.654858175102522182e+03
3.664681996057089691e+03
3.631075091517268902e+03
3.660661701366722809e+03
3.669388582477774435e+03
3.620299661081876820e+03
