8.392817852320540624e+02
6.807590763257222761e+02
6.458082735222169504e+02
6.475671098875250209e+02
7.523834360688484821e+02
7.221963366253853565e+02
7.141177107441984617e+02
7.226243237061434002e+02
6.810133028877874040e+02
6.961032235753758641e+02
7.228931316295404486e+02
6.827981187298817076e+02
6.774790378992843216e+02
6.900953783843357314e+02
6.762020288546628990e+02
6.567965799674285563e+02
6.998240160369465457e+02
6.978810079191752038e+02
7.110451878496105564e+02
6.697497124121912293e+02
