2.824897613556156557e+03
2.787188731860198004e+03
2.673270955271320872e+03
2.787140986551281003e+03
2.777980993088998730e+03
2.801379662280668526e+03
2.678017569619110873e+03
2.689409916984850952e+03
2.797079642230624358e+03
2.675476173955582908e+03
2.836792336634248386e+03
2.712834688673775418e+03
2.868147924108386178e+03
2.725313696389342567e+03
2.833360849240946209e+03
2.773431960654313116e+03
2.872624027125025805e+03
2.594229791070777537e+03
2.838541773132987146e+03
2.738697775559532147e+03
