2.608024398349386502e+03
1.063274099746445927e+03
2.454717713649238249e+03
2.646354660925794178e+03
2.609769542238742360e+03
2.573747381011909965e+03
2.543606927013697259e+03
2.475464321927576350e+02
2.438442230866486625e+03
2.564197264915767391e+03
2.605175976690291463e+03
2.609962982631553132e+03
2.426729163151795547e+03
2.447993623167396436e+03
2.529331086464578220e+03
2.489260137759522706e+02
2.467090676458164126e+03
2.603560767304060391e+03
2.510239960504615283e+03
2.564541316033108615e+03
