2.535196455395759131e+03
2.589386013821038887e+03
2.541987245113749850e+03
2.543423196910729075e+03
2.537294000328321999e+03
2.572682117601331356e+03
2.547418890190140246e+03
4.820695173081842313e+02
2.546440203044171540e+03
2.524615518981900095e+03
2.530295360252329374e+03
2.537528965512694867e+03
2.531655460512286936e+03
2.559897524736166815e+03
2.549294561291716036e+03
2.536260401639216525e+03
2.533340158463630814e+03
2.550123373116535276e+03
2.536155712596029389e+03
2.530718976904292504e+03
