2.564109935000664336e+03
2.550106872321785431e+03
2.523866388926487161e+03
2.552109838806424705e+03
2.517048847771640794e+03
2.547176883016859847e+03
2.566466116651336506e+03
5.246500149788852241e+02
2.568596326463607056e+03
2.569422087506357911e+03
2.496348658372672617e+03
2.534753821449083262e+03
2.574605404107987397e+03
2.559642766868128092e+03
2.621927297251406344e+03
2.548407992972548072e+03
2.528891709790915684e+03
2.549869276852497023e+03
2.563005753106194334e+03
2.537524479980118940e+03
