2.634335610555185212e+03
2.720181634443934399e+03
2.630738546469768835e+02
2.578640644088885892e+03
2.597656625744540634e+03
2.760707226110670490e+03
2.629046259129149803e+03
2.849583804069548023e+03
2.441493387946388793e+03
2.672034819332927327e+03
2.745159961943697908e+03
2.548890190961466942e+03
2.792968423184810490e+03
2.807466842021447064e+03
2.669625016214277821e+03
2.556810965054083226e+03
2.804043505327787898e+03
2.774275304313825927e+03
2.701133582418900460e+03
2.756698856132286892e+03
