5.732626687089717961e+03
5.783864746194502914e+03
5.721899822298864819e+03
5.766268854448705497e+03
5.824392036957050550e+03
5.821942516123492169e+03
5.505827607323734810e+03
5.836588061223155819e+03
5.866342652576759065e+03
5.862793616440160804e+03
5.743735975868867172e+03
5.913193406893050451e+03
5.699665655920928657e+03
5.819129602616454576e+03
5.828333966077641890e+03
5.909761118130488285e+03
5.791751156258249466e+03
5.783545595413319461e+03
5.653399359073197047e+03
5.672201074304161011e+03
