6.236581489790083651e+03
6.428205938412904288e+03
6.358633163631824573e+03
6.212044913678706507e+03
6.424025721990639795e+03
6.307797003666878481e+03
6.554066030485796546e+03
6.107261588064516218e+03
6.499411531399821797e+03
6.299467149009042259e+03
6.282393209783110251e+03
6.362981239701667619e+03
6.140439367371424851e+03
6.340852659470015169e+03
6.428411978210993766e+03
6.177697664746867304e+03
6.362087216921529034e+03
6.079211218766630736e+03
6.478517009620890349e+03
6.352416578912520890e+03
