6.292420194950632322e+03
6.431324474549648585e+03
6.460440062515515820e+03
6.463579001958341905e+03
6.292615985702880607e+03
6.582255796133937110e+03
6.295208246472413521e+03
6.424368987571238904e+03
6.422270720278157569e+03
6.252609405521587178e+03
6.402973646336633465e+03
6.206022523690870003e+03
6.452118494413680310e+03
6.621101720863237460e+03
6.180779620199708916e+03
6.254979526409178106e+03
6.537279711044994656e+03
6.265613244844640576e+03
6.244628608333838201e+03
6.303177082931159021e+03
