6.780756944068853954e+03
6.461968964316382880e+03
6.858869491896798536e+03
7.335466859211315750e+03
7.010770806330171581e+03
4.053297410225358817e+03
6.668611218206530793e+03
6.525966491243691053e+03
6.296742287793555079e+03
7.104481170405536432e+03
6.160735978927165888e+03
7.095235174953062597e+03
6.859440045579353864e+03
6.882990113030357861e+03
6.707969454173106897e+03
6.697001503191508164e+03
6.944779015004389294e+03
6.970166063987550842e+03
6.606133384835838115e+03
6.809929312138065143e+03
