5.845548731266940194e+03
5.763409068131182721e+03
5.601422665600067376e+03
5.754279998011188582e+03
5.852229828440402343e+03
5.723731476589611702e+03
5.613779715163122091e+03
5.765410402609263656e+03
5.748953970373133416e+03
5.646605259122991811e+03
5.647670556821035461e+03
5.454358076222204545e+03
5.583334010012934414e+03
5.608013221135963249e+03
5.681418460476666041e+03
5.745867182371569470e+03
5.565464245981208478e+03
5.870399819203108564e+03
5.498947214917322526e+03
5.565276529795200986e+03
