7.256401401269715279e+03
7.137350657341100487e+03
6.930699369157364345e+03
7.061279946765931527e+03
7.064832005970396494e+03
7.146232977148856662e+03
6.911283478185056083e+03
7.085958463544843653e+03
7.127941340598467832e+03
7.153595058940562922e+03
7.059019184452518857e+03
7.052142513443913231e+03
7.043220791248107162e+03
6.882416360721361343e+03
7.147465644336929472e+03
7.393085054086106538e+03
7.332620009206042596e+03
7.338269493148557558e+03
7.180758757668566432e+03
6.974755953258090813e+03
