6.307443859039722156e+03
6.392963222891528858e+03
6.676261084497413322e+03
6.460215207054250641e+03
6.520431634443806615e+03
6.436043886706155718e+03
6.560645501434332800e+03
6.472232658718582570e+03
6.556907620675341605e+03
6.449727723057893854e+03
6.549727742956265502e+03
6.446727188911416306e+03
6.545625223771339734e+03
6.469597031112269178e+03
6.483873823822440499e+03
6.531477020633754364e+03
6.424978728644002331e+03
6.466036540634159792e+03
6.531753050776668715e+03
6.469115425239509932e+03
