3.262058621657106414e+03
3.212200192253832256e+02
3.235778854062158644e+03
3.224401877050483108e+03
3.178882375640512237e+03
2.545075010018252215e+03
2.704160371361211674e+03
4.006958043104116314e+02
2.240846124842767040e+03
2.653020975705751880e+03
2.111282605013230750e+03
2.947473852175060529e+03
3.371234494141838695e+03
3.275462495634034894e+03
3.270800980664133021e+03
3.235661716010919008e+03
1.730951238942829605e+03
5.076533060897022551e+02
9.578535052587097880e+02
2.475322070891750627e+03
