1.740450150843980282e+03
1.011749141887023598e+03
2.896512015873161090e+03
3.390618779579245711e+03
7.151957655177518518e+02
1.015129962720822050e+03
1.443971507048832109e+03
9.232796857109027542e+02
1.448498322680916544e+03
1.070427384434531632e+03
7.821578452343838990e+02
3.422508109433247228e+03
7.001627559004745081e+02
9.630258762836031110e+02
3.266037082102402564e+03
9.292773089616063089e+02
9.828703268760450555e+02
2.342284144045472942e+02
2.523213713638135971e+02
8.366666191578617600e+02
