3.918363794007350407e+02
4.441752487969715730e+02
4.419168549229621021e+02
2.561689492261211285e+02
9.896184262761394734e+01
4.366744712925319618e+02
4.815163342091783534e+02
8.004141821299610626e+01
2.180696795407137074e+02
4.308438141737855176e+02
2.578126423996591825e+02
4.433077164253552951e+02
7.634390295207735733e+01
7.890478260817914702e+01
4.772706285277514553e+02
4.141038515634932082e+02
4.936302432634321349e+02
4.434908534938211346e+02
9.536278847521110436e+01
4.091112688706945733e+02
