1.119732082955917804e+03
1.171989244619122701e+03
1.203530773169180293e+03
1.352146779809119835e+03
1.147073673769885090e+03
1.305318646502029651e+03
1.114618906684708463e+03
1.424728659743178014e+03
1.468243816563623341e+03
1.170328671932029238e+03
1.114024463669601118e+03
8.054901871362689008e+02
1.298916721280852471e+03
1.727760788651965186e+03
1.083192012895854305e+03
1.869670094869149580e+03
1.258467809686364944e+03
1.285575820568139989e+03
2.535308517329019651e+03
1.257026876569757405e+03
