3.508917090854651633e+03
3.505904625607262005e+03
1.281455242321799233e+03
3.544553481148382161e+03
3.489521906403443154e+03
3.562979001759472339e+03
3.484230109399818502e+03
3.604507492895224004e+03
3.517949379996429798e+03
3.534942489321491394e+03
3.517522988231900854e+03
3.595303960759169058e+03
3.546763187178384669e+03
3.569417924644134018e+03
3.545027838195174354e+03
3.541023160158411883e+03
3.557967979591380299e+03
3.520595104363897917e+03
3.547447856353117004e+03
3.545623135314767751e+03
