9.247531943767187386e+02
8.879470843165743190e+02
1.202521441070365199e+03
8.381140633996523093e+02
9.218335271221587846e+02
6.653754478770208607e+02
9.410960945440139085e+02
7.303723576781060274e+02
8.729227551807977079e+02
2.061599770548094170e+02
6.846475698180350946e+02
9.891580163304762436e+02
8.270400581961145008e+02
7.682252853497474234e+02
9.762055105279572444e+02
6.458020221511243335e+02
8.280560860181936960e+02
1.215463307810038032e+03
6.322969151241098871e+02
2.204266344268589364e+03
