3.554452489865949701e+03
3.607364825848565488e+03
1.301239461279816624e+03
3.537041922496515781e+03
3.615076927674250783e+03
3.576190779734944044e+03
3.548952333975687452e+03
3.562983245739317681e+03
3.598300162388943136e+03
3.576609896031780863e+03
3.575777125889214403e+03
3.575876140875359852e+03
3.605212877712340287e+03
3.506409981767502813e+03
3.572986442578612696e+03
3.547003412042090531e+03
3.575430573339364855e+03
3.599688294686174686e+03
3.573114247061284004e+03
3.613829980945327861e+03
