5.013879603435279364e+02
7.016529901722274190e+02
4.507430153178214596e+02
6.662178133850809445e+02
8.172644824317995926e+02
6.669472973084117484e+02
6.242348578399678445e+02
7.677693965500508284e+02
6.953163199641891197e+02
8.626469465318647281e+02
5.687415540026346434e+02
7.741979972801791519e+02
3.463580960679867644e+02
7.016570786382386586e+02
5.791342070441338592e+02
6.048732400277573333e+02
6.415700923384293901e+02
9.296204572272528139e+02
9.803726617513950714e+02
7.828483111384672384e+02
