3.976234100598454688e+02
3.932542088226384749e+02
4.436252867257182402e+02
4.076123911576193564e+02
4.505379069250773227e+02
4.273660781513343068e+02
4.155368463343967278e+02
5.442570778228630388e+02
3.604183847144645938e+02
4.125033604932431786e+02
4.351684743667827888e+02
3.921035680232553773e+02
4.518194099012872584e+02
4.822574556894109037e+02
3.768391041750172690e+02
4.600948474854766346e+02
3.933211376310569563e+02
5.337442005409477588e+02
4.177141885042828449e+02
3.494030238119568708e+02
