9.128192226314373556e+02
7.867173098384943160e+02
1.390221575965442298e+03
9.459420972152225886e+02
1.008641540954777042e+03
9.001639659009739489e+02
1.074842478107139186e+03
1.006878855586243048e+03
7.605817567411294249e+02
1.107712436855040778e+03
9.075617186500854814e+02
1.122865870127931430e+03
1.383953983705725022e+03
1.030657562402727308e+03
1.111772743203385971e+03
1.032292745574035962e+03
8.624586806853861845e+02
1.077757679748553755e+03
8.758426051338776688e+02
8.527175283210783618e+02
