1.019986450377142432e+03
3.562959360444549475e+03
1.697188256795953066e+03
1.384575884295014930e+03
1.470473294731472834e+03
1.356191302534212809e+03
1.659851283861429465e+03
1.366336588769722312e+03
1.069952776697414720e+03
1.074152528340615163e+03
1.151617478600743652e+03
1.398168033754178396e+03
2.029691662833170994e+03
3.211261802669799181e+03
1.673480806633635211e+03
1.177664249724057754e+03
3.200278157927531083e+03
1.708768852145119808e+03
3.009568788928134836e+03
1.434997574028883946e+03
