5.406848298329720137e+02
6.126403765101900945e+02
6.391349732264159229e+02
4.684271536928130217e+02
6.769734206594037005e+02
6.101607467034922365e+02
6.163274449550781355e+02
5.588904319478483558e+02
5.299857091279576480e+02
6.045891905904090891e+02
5.287420697733878114e+02
4.997992516005722337e+02
5.268420451054087152e+02
6.408584470331683178e+02
4.736347557728450965e+02
6.267243631584954073e+02
6.297625228923013765e+02
6.623166945162112142e+02
6.147329005655903984e+02
5.283950596221875458e+02
