8.536073686542395080e+02
8.761765520864174732e+02
1.065592620543471639e+03
9.008839881142781678e+02
8.968262779679140522e+02
8.681142595060084659e+02
9.700693135353619709e+02
8.520119474270859428e+02
1.056363174218990935e+03
9.651444073434630582e+02
8.587743702870252491e+02
8.610053758183913715e+02
8.836758535964659131e+02
8.345222934311206018e+02
1.022425674189011374e+03
9.213500480604633367e+02
1.067207789839170573e+03
1.125884351973510547e+03
7.829407532469688249e+02
8.237664454436113601e+02
