1.450026912289396932e+03
1.269874829794448260e+03
8.437247380078531478e+02
1.070248164504331498e+03
1.207819088898751261e+03
1.484508890940500123e+03
9.657640514405094336e+02
1.521288789616005033e+03
1.127955393021385817e+03
2.176607907179766244e+03
1.452961961569778396e+03
1.165269658303868255e+03
1.343498179776326879e+03
9.422204846944791825e+02
1.206634036915405659e+03
1.748719260068208996e+03
2.696734430059951137e+03
1.251285404623191653e+03
1.241208196501168914e+03
1.121801412396443084e+03
