-2.067687785419459487e+02
-2.279335137482893572e+02
-2.035420827033684077e+02
-2.753580204202290815e+02
-2.838807486827519710e+02
-3.539802566800825616e+02
-2.114976775134160789e+02
-1.173983395872727158e+02
-3.535029268293830000e+02
-3.282410571149399061e+02
-1.972254089864879347e+02
-2.705440815178828871e+02
-3.311350265691433492e+02
-2.134484224335897409e+02
-2.224228160001461276e+02
-2.730676520547584119e+02
-2.478130002743554314e+02
-1.069110900040419949e+02
-2.171052958016240666e+02
-2.802535375032554157e+02
