6.610566503611268672e+03
6.488607960572081538e+03
6.509982981053461117e+03
6.447806477206448108e+03
6.421644478531997265e+03
6.446913531470611815e+03
6.548206820758370668e+03
6.631003471293106486e+03
1.446673034836989480e+01
6.465577549273788463e+03
6.437150932195530913e+03
6.408311950187303410e+03
6.421620086198847275e+03
6.371374815994552591e+03
1.323369600373903765e+01
6.448911741753359820e+03
6.382401656624637326e+03
6.469112954278269171e+03
6.445387335177186287e+03
6.478374042515703877e+03
