6.652704654945608127e+03
6.591399858985570972e+03
6.654404825403973518e+03
6.585053945818607644e+03
6.523099236909051797e+03
6.571687590382194685e+03
6.653265192428511000e+03
6.660984147955682602e+03
6.642185994525971182e+03
6.580460599678653125e+03
6.599384844620646618e+03
6.611787361078099821e+03
6.670028996606840337e+03
6.495582617669215324e+03
6.338463984973985134e+03
6.581176994773235492e+03
6.625461741021388661e+03
6.630576086189933449e+03
6.472682416471327087e+03
6.604775567534824404e+03
