5.962604278902735132e+03
6.115696276653969107e+03
6.063880588094373707e+03
6.002489703033173100e+03
5.888959059886943578e+03
5.932822543450620287e+03
6.059674321539870107e+03
5.943933436320183318e+03
5.958626528087943370e+03
5.911452650225337493e+03
5.989897706709489285e+03
6.001361898247168028e+03
5.963954294721576844e+03
5.631776920021706246e+03
5.923579317946704577e+03
5.990373669665557827e+03
6.057173807782110089e+03
6.003122992899151541e+03
6.004600993258767630e+03
5.959872381530922212e+03
