6.692434387228598098e+03
6.727067101824670317e+03
6.608636013987273145e+03
6.680282564012587500e+03
6.827744450486239657e+03
6.783896855097529624e+03
6.682147312073910143e+03
6.429922618037257052e+03
6.611645850229018833e+03
6.590360887887879471e+03
6.754407363042264478e+03
6.676226057360620871e+03
6.673207351682900480e+03
6.653162707842422606e+03
6.504160206122365707e+03
1.736565844190795715e+01
6.795551760862756055e+03
6.741881601690512070e+03
6.727191810207027629e+03
6.624066045832401869e+03
