6.093370277250647632e+03
6.097208311048983887e+03
6.205955750449329571e+03
5.844006430964116589e+03
6.153048670237903025e+03
4.487283843626141788e+03
6.125874890586276706e+03
6.218082145059436698e+03
5.780405441303741100e+03
5.952133578290675359e+03
5.954557132921021548e+03
5.973259522869567263e+03
5.917198790597803054e+03
5.864192841509740902e+03
5.999461231049476737e+03
6.061199817992237513e+03
5.893480822380918653e+03
5.955182930082532948e+03
5.766335618589722799e+03
5.992530263815264334e+03
