4.808521878013439164e+02
5.942441341444537102e+03
6.076700226707102956e+03
4.482386661515759442e+03
6.115089279649615492e+03
6.080654120834725290e+03
1.592509783550869429e+01
5.955782743519286669e+03
6.029342524366759790e+03
6.101857380448343065e+03
6.095453270018503645e+03
6.123769942289278333e+03
6.033751998050163820e+03
5.708455399475219565e+03
2.397235849395067930e+02
5.728433620491799957e+03
5.969371730739278973e+03
5.930259969922218261e+03
5.869301428657718134e+03
5.833570635968992065e+03
