1.577107174299487497e+03
1.436946713296469170e+03
2.475716968976374119e+03
2.260940281609352041e+03
1.757322173389520913e+03
3.612169211896284196e+03
3.624623056123885362e+03
3.641806149076953261e+03
3.645548630736524956e+03
1.928953098500867100e+03
3.671487575859430308e+03
1.953340658662427359e+03
3.658894487450568249e+03
2.718218758291332051e+03
3.651666950686289965e+03
2.133556977562356678e+03
3.656092049098342159e+03
3.586185878348475853e+03
3.655823938199578151e+03
2.590377076536481127e+03
