3.468317266767166984e+03
3.416189911071076040e+03
3.483507996245781214e+03
3.597627546819735471e+03
3.444660740265852382e+03
3.336146530959976189e+03
3.531139282641097907e+03
3.469089639255408201e+03
3.476287424681535413e+03
3.494951985967570636e+03
3.443295973278744896e+03
3.553006868193255286e+03
3.503532228500451765e+03
2.796645810758399421e+03
3.532130257005756903e+03
3.449104181101998165e+03
3.482744013161498515e+03
3.440882669526671634e+03
3.392315143999981501e+03
2.162161716188470564e+03
