1.338947763472556744e+03
1.573011302466966754e+03
1.017753135544366955e+03
1.529561857171683414e+03
1.319349853158990072e+03
1.165345101196751330e+03
1.438672659580534855e+03
1.384724062441297519e+03
1.101702913242241493e+03
1.706292451505600184e+03
1.379140647010764724e+03
1.398581420572358638e+03
1.487730134324398477e+03
1.430523051838876199e+03
1.178285318382210335e+03
1.672102189642421308e+03
1.485960960292610253e+03
1.216996610532128898e+03
1.404898218967876801e+03
1.230804223739123699e+03
