1.308116816634016459e+03
7.570942419192202806e+02
1.403183237769168954e+03
1.474009901243367494e+03
1.358888237163491112e+03
1.298961455531058618e+03
1.265247140796759822e+03
1.260423665403556925e+03
7.860741322587368813e+02
1.235637436757157730e+03
1.446089646306320446e+03
1.219880006082372802e+03
1.034421237964156035e+03
1.232344110678199058e+03
9.836598960549632693e+02
1.281970248854327338e+03
1.589570065451757273e+03
1.251165657765813648e+03
1.675071463372759581e+03
1.548837279040981230e+03
