7.450283369768735042e+01
2.463476992491258443e+03
8.003244603057975155e+02
2.489444196322140670e+03
6.632741831261002119e+01
2.430890046663946123e+03
2.254391453933054891e+03
6.972813735805920032e+01
7.649717950993725424e+01
6.231619375074759404e+01
2.209538548133641143e+03
2.454936378688732020e+03
2.440802425824696456e+03
2.435911702693432744e+03
9.005395588114320162e+02
6.599967938098252773e+01
6.846540624021059784e+01
1.133200131906870865e+03
5.721930114066361028e+01
7.355096588895735010e+01
