6.053942208330403218e+01
5.931490360952995644e+01
7.606323091802256897e+01
6.910876114857751418e+01
1.759310738249778524e+03
6.668959683720565579e+01
7.986394500158285155e+02
6.734636015430638167e+01
6.066141766524130929e+01
2.428098810620514087e+03
6.212970393247356071e+01
7.288532700166437905e+01
2.459774485447372626e+03
2.444137851534161655e+03
7.179744504200364474e+01
7.411595047116480828e+01
6.863143508571211271e+01
7.911837892759613169e+02
5.711712445589268583e+01
6.242739571707488011e+01
