6.355527012093094896e+01
6.158562301557288521e+01
2.464023572583950681e+03
2.408501652161877246e+03
2.506954464950000329e+03
2.479149232229761765e+03
2.435238136577232126e+03
6.468109322404474426e+01
2.484410758386788984e+03
7.007948072300423803e+01
6.805510148966547490e+01
7.262532092259985461e+01
2.418320078010654470e+03
2.442875188384782177e+03
2.445988679909205075e+03
6.030442844164650040e+01
1.094519293481233717e+03
6.366494588064086457e+01
2.413130430492154119e+03
7.197109695295873166e+01
