6.713406860080185368e+01
7.023297670133500503e+01
2.446082188507151386e+03
2.541157452749137065e+03
2.495455786714072019e+03
2.453096151436806394e+03
2.422485191123772438e+03
2.413460519812035272e+03
2.500443021102988951e+03
1.071150214334892553e+03
2.444434243295705528e+03
2.450193006292745395e+03
2.476418966257356260e+03
2.110851663173081761e+03
2.478615118554915625e+03
2.424889756863657112e+03
5.871579353307584626e+01
2.459825428517940509e+03
6.040545061813971870e+02
2.435102967004673701e+03
