4.371975843404017610e+02
4.278377308734475264e+02
4.259186875549139586e+02
4.211459651337939931e+02
4.156716552552275061e+02
4.080021136991734920e+02
4.365807077506487417e+02
4.269757993735587434e+02
4.116799609452784239e+02
4.159613358991612131e+02
4.266607107629782263e+02
5.004233250842507346e+02
4.855736991916717784e+02
4.277484627829659871e+02
4.301436123457327767e+02
4.329864548185299782e+02
4.333923701693346402e+02
4.340877221886336770e+02
4.349367292802929228e+02
4.225563277298242042e+02
