8.028771057861374629e+02
7.315937759245581447e+02
1.400056505124505748e+03
1.619384378896514818e+03
1.723693375088475250e+03
8.949301204094371087e+02
3.306168573073067819e+03
9.063946038945981627e+02
2.055255038365941800e+03
9.617507956694038285e+02
1.440145653105266092e+03
6.541509541527636884e+02
2.390778012916548960e+03
9.215549029476298983e+02
1.213855808314648129e+03
1.627991345496738631e+03
1.127495670513549157e+03
8.198745317639492214e+02
1.218966005118369367e+03
1.734505608665402860e+03
