5.707844044271099619e+02
7.802000184102205367e+02
8.446990055972511300e+02
7.294427530688998331e+02
1.135273881780280817e+03
9.041536357011622158e+02
1.179513005253849542e+03
8.227267258042552385e+02
8.703863484141788831e+02
7.431873430867809702e+02
8.947107206536549029e+02
9.216661542399149312e+02
1.201821618146430410e+03
6.240116023133147110e+02
7.188739742800200929e+02
7.210019068703404628e+02
7.299834783663136477e+02
7.321402778121415622e+02
9.502744404697455138e+02
1.747440794703346455e+03
