1.434209892357825993e+03
1.964992955233235080e+03
2.817936374257743410e+03
8.131137732597806007e+02
1.484157269223369894e+03
3.140938060125434276e+03
1.546907111266560605e+03
3.338035189106951293e+03
1.662807159241296176e+03
2.454955791036526080e+03
1.956475257513510542e+03
3.095741221612099253e+03
1.247793782836983837e+03
2.508432225128256050e+03
3.087444342084656910e+03
3.198142861486934635e+03
1.089920056257963324e+03
3.148066488067524915e+03
2.151097290556667758e+03
2.161940428084909399e+03
