1.609907288166136823e+03
1.334450395414310833e+03
2.288282193309757986e+03
1.309091873712176493e+03
1.049055463807270371e+03
3.162450930154404432e+03
7.268696257312498119e+02
1.219613766205318825e+03
2.990593995690989686e+03
2.723765587656900607e+03
2.221909723584863514e+03
1.362268495024034337e+03
9.432722760281740193e+02
1.392309300743302174e+03
1.346216606850642620e+03
8.678281407969285510e+02
8.935389740954817626e+02
1.333391675748859825e+03
9.207832346754779564e+02
1.849611176141190072e+03
