6.900214453893873952e+02
4.114290086990509963e+02
6.448980398916927470e+02
6.053386175310178032e+02
6.316021655004318518e+02
4.393218149566239958e+02
4.343387619794791021e+02
5.017076241286933396e+02
5.953955943111766373e+02
7.150291254715444893e+02
5.671607732869537131e+02
5.537396081521989117e+02
7.205696438537478343e+02
4.372312068408688219e+02
4.769173765717421247e+02
4.431651643677450352e+02
6.218543669496665416e+02
5.467224737498746663e+02
6.052212965234388093e+02
7.290212122318279171e+02
