7.102125038124971752e+02
3.949931445563445322e+02
6.041504209027632442e+02
4.468052468791420324e+02
4.964862133464429235e+02
4.589810447511330267e+02
4.462393894343709917e+02
4.899327126198424480e+02
4.614135847289267076e+02
5.144947031466140288e+02
4.456154071197422013e+02
4.221173615961226346e+02
6.243410058940261251e+02
4.276345887960008554e+02
1.001216010908639191e+03
4.301000310793349399e+02
4.591434012386172867e+02
4.867234464825234568e+02
5.139244853758784757e+02
5.593748289299791168e+02
