2.827713125772408603e+03
3.443186683763900419e+03
2.275938733667396718e+03
3.539282169035751394e+03
2.407948603919181096e+03
1.976039176443720635e+03
3.530485544819342067e+03
1.825139101216622294e+03
3.511241763510885448e+03
1.671238092481173453e+03
3.515074784084813018e+03
2.338505777257224963e+03
3.475001526101833861e+03
3.541663726448333364e+03
2.029207606939020707e+03
1.793724601249108673e+03
3.505019199657382615e+03
2.277444649809533985e+03
1.991257714631182125e+03
3.522016818720428546e+03
