6.887495164045075171e+02
8.581217502196037685e+02
8.921819429099092531e+02
8.564869786162191758e+02
5.619970045909921055e+02
1.082087000425110318e+03
1.982916559663707631e+03
5.855256840982005997e+02
7.728804583153138310e+02
9.285644872820791988e+02
1.067581289184728121e+03
1.544344161842351468e+03
2.118300732849718315e+03
2.401458551307678420e+02
9.418407152048571334e+02
8.927963722130516544e+02
1.349190502651537372e+03
8.956796855002202165e+02
4.904489032302511191e+02
1.081502999275193815e+03
