2.510987948962175778e+03
2.027440150320957173e+03
2.127735471322509056e+03
1.414639376970955482e+03
2.688520240832039235e+03
3.729903408535220478e+03
1.840469754669700933e+03
3.835042883939614057e+03
1.174433379818855883e+03
3.716739513275037552e+03
8.932346864130698805e+02
1.251227889963402049e+03
1.431810817185236374e+03
2.635043425512513295e+03
1.911254355942148550e+03
1.913590592665050735e+03
1.490864988278593501e+03
9.423920410921766688e+02
3.046875175210596808e+03
1.116196275462467156e+03
