3.602242084224180871e+03
2.152288155970050411e+03
3.572066947235184216e+03
3.615994105154969475e+03
2.172783990514227298e+03
1.835214719961770470e+03
3.618060907930481335e+03
3.681325534160261213e+03
3.618883883159502147e+03
2.251247430544833151e+03
3.636705832245510464e+03
3.660478583873785738e+03
3.587275547868950071e+03
3.669419416106846256e+03
3.692010098116408699e+03
1.326461676789340572e+03
3.690819439188820525e+03
3.562454920552076146e+03
3.804511564866160370e+03
3.655573940116107678e+03
