3.662202715902526052e+03
9.342636964495396796e+02
1.730766786834147752e+03
2.056553603376938554e+03
2.427764440195907810e+03
8.272790859252514792e+02
2.817170877510603077e+03
1.164563058222292284e+03
2.631701576652827498e+03
2.004496073186967124e+03
3.630920584508244701e+03
8.103582087125549833e+02
8.949869823029197278e+02
8.124821380872206191e+02
8.674763290679456986e+02
3.711971822467940001e+03
8.625827649776138060e+02
8.943280232326118266e+02
8.035206575503524391e+02
3.620950004568335771e+03
