3.656498381108267040e+03
3.657185009963053744e+03
3.641008239908727319e+03
3.640958459293823580e+03
3.663898765873219872e+03
1.590167383642164850e+03
3.698375700189555118e+03
1.766488844185097378e+03
3.684388985106476866e+03
3.696387364678848371e+03
3.606644691198033343e+03
3.691339413179155599e+03
1.606193018712069943e+03
3.645057753543585932e+03
3.722235343885609382e+03
3.436064757463904698e+03
2.200433550197299155e+03
3.646503177858412982e+03
3.664518576983548883e+03
3.656047573776513218e+03
