8.223364745195969590e+03
7.831258993891461614e+03
7.951336252883037560e+03
7.806935333833885124e+03
7.828952611607187464e+03
7.885105921462650258e+03
8.023741558071357758e+03
7.908380655256047248e+03
7.714184032302478954e+03
8.012978410701241955e+03
7.744574649485134614e+03
7.716726129581293208e+03
7.791998227593227057e+03
7.657910540982307793e+03
8.024859746269326934e+03
7.788172762452673851e+03
7.827104813841670875e+03
7.855947774639907038e+03
7.871842901335770875e+03
8.033170716468220235e+03
