6.993402817655131003e+03
7.056968540939814375e+03
6.987634756313108483e+03
7.259053785394267834e+03
7.438412572888762952e+03
7.323128417518059905e+03
6.755097880473105761e+03
7.173946897257365890e+03
6.950608941599898571e+03
6.721049318678594318e+03
7.172864877917181730e+03
7.037808752315257152e+03
7.261831586718858489e+03
1.617214622442701057e+03
6.632856472876390399e+03
7.137033433044632147e+03
7.156311570633692099e+03
6.964541978406334238e+03
7.268725257338765914e+03
7.677709366945374313e+03
