6.537493484805729622e+02
7.106055236231320578e+02
5.935605915822202405e+02
6.426107551370399733e+02
6.539175044288368781e+02
6.256911397120021547e+02
6.333845065858480439e+02
9.562935448967789398e+02
6.584846920472829197e+02
6.005741534260582739e+02
7.392506062790567967e+02
6.536932524431755382e+02
7.504780789266923193e+02
6.302723478064226583e+02
6.215208241694913340e+02
8.330530188918994554e+02
7.517811266353360224e+02
6.132553439709151917e+02
5.955240923606448860e+02
8.264478373048956428e+02
