2.004064177518031784e+03
7.135243005291241616e+02
8.601098000166979318e+02
1.408087803867438424e+03
1.339408043703831027e+03
1.217357374667804834e+03
1.187170974030477737e+03
1.004036874528480553e+03
1.185344128436804112e+03
1.211054848212538673e+03
1.259184868656441495e+03
1.344033941360349900e+03
1.688690116616633077e+03
1.324662226913594623e+03
1.633060190544735860e+03
1.332026063388537750e+03
1.940350838937068374e+03
1.847558051673300497e+03
1.103112891192847655e+03
1.154680806772162441e+03
