3.520165504909892661e+03
3.497840558423497896e+03
3.511310580677656162e+03
3.114043394252991220e+03
3.337955567620311285e+03
3.295741039197008377e+03
2.935903528390044812e+03
3.472579014454882781e+03
1.764012582515986651e+03
2.305872374389460674e+03
2.058853334805346094e+03
1.748978584611860242e+03
2.667916169500415890e+03
2.635056902409715349e+03
1.462819208463937230e+03
2.434705388232042424e+03
3.547870552107395724e+03
2.075616251227884277e+03
2.979329080200139742e+03
2.091369781212154976e+03
