3.738848093501898347e+03
3.746513094994868425e+03
3.072780793845209246e+03
1.887048506808897628e+03
2.769474909122265672e+03
3.729550415708559740e+03
2.735955576322879097e+03
3.741990796194095765e+03
1.353554946131702081e+03
3.730451597028743436e+03
3.736148912757107610e+03
3.330686649582664359e+03
3.756753820376795375e+03
3.449310907619475074e+03
2.216269446368162789e+03
3.771608912432895522e+03
3.759899961939141122e+03
1.854213483164681520e+03
1.759042578055047898e+03
3.720753741573052594e+03
