5.275376124999582316e+03
5.337278834030713369e+03
5.291552457901012531e+03
5.445968861963490781e+03
5.452812724332029575e+03
5.461146523785683712e+03
5.589366360655128119e+03
5.438994702306340514e+03
5.646611610715570350e+03
5.287478624357670014e+03
5.594951747094023631e+03
5.529419927981478395e+03
5.526263251393953396e+03
5.536965091155461778e+03
5.464162755554600153e+03
5.438179363541948078e+03
5.377233216668681052e+03
5.506357216466051796e+03
5.362421676611331350e+03
5.572162250886529364e+03
