4.569791687679627103e+03
4.767145569297784277e+03
4.938300561960302730e+03
4.821935503337219416e+03
5.171971268888740269e+03
5.324688551761594681e+03
4.911667320144449150e+03
4.705138098249129143e+03
4.688698536150610380e+03
4.940425724016262393e+03
5.020562843686946508e+03
4.893699063166211999e+03
5.052174301752970678e+03
4.754617679690217301e+03
4.931559160409136894e+03
5.321960519089311674e+03
4.925626089544921342e+03
5.057513295389608174e+03
5.354438158728818053e+03
4.849046412662390139e+03
