3.536196370831310105e+03
3.203334813615419080e+03
4.019608000716055813e+03
3.271119200758068928e+03
3.264392973919586439e+03
4.016151724372611170e+03
2.945212355904717242e+03
3.259302493605749078e+03
2.746315662153186167e+03
3.005061699386368218e+03
2.707984787632853113e+03
3.245008321424219957e+03
2.882750309064456360e+03
3.373728080238900020e+03
3.063561452864631065e+03
3.762599128973985444e+03
3.200891225918768669e+03
3.541471537340775285e+03
3.141545472742377115e+03
3.512201933106368415e+03
