5.069536449489775805e+03
4.977845602367854553e+03
5.234562160877061615e+03
5.106342545178948967e+03
4.713637187302652819e+03
5.052826672704289194e+03
4.811015232139052387e+03
4.877390311003218812e+03
4.884471959858234186e+03
4.760917518726174421e+03
4.490386468783687633e+03
5.214812211636884058e+03
5.236809417769510219e+03
4.946951298952855723e+03
5.090924482034663924e+03
5.244653022459890053e+03
5.212487708765466778e+03
5.116121253440071087e+03
5.226034673922910770e+03
4.862002257316537907e+03
