4.982024972228512524e+03
5.148033592401290662e+03
5.402119077529915558e+03
4.721075826190483895e+03
5.256049618736827142e+03
5.045327515072157439e+03
5.266426841525916643e+03
5.126874946376691696e+03
5.021635895158426138e+03
4.971568976618287707e+03
5.115151177496672972e+03
4.919152623635410237e+03
5.319589116132609888e+03
5.062331831199098815e+03
5.123078971413683576e+03
5.211631238033466616e+03
5.065106744234637517e+03
5.093040723582302235e+03
5.248292738952759464e+03
5.357671174686367522e+03
