3.719409449879287422e+03
3.735778719477891173e+03
3.916009837479997714e+03
3.786631326424478630e+03
3.637010803580455104e+03
3.302852223359589516e+03
3.878732145920655512e+03
4.074715258208273099e+03
3.892722709952527566e+03
3.910425837991563185e+03
4.000096263187430850e+03
3.802249155349561534e+03
3.652237115258623817e+03
3.806694335301890078e+03
4.049977833924006063e+03
3.985526524608716500e+03
3.815697976039794412e+03
4.089466764945179420e+03
3.765548352242380588e+03
3.883430242367674509e+03
