5.712797186460205921e+03
5.722155531633274222e+03
5.761407471321153935e+03
5.578109070779144531e+03
5.558562464935741446e+03
5.752580576233138345e+03
5.737471054208557689e+03
4.770799194326512406e+03
6.015465373998154064e+03
5.760718890459123031e+03
5.587997986499157378e+03
5.819552232770652154e+03
5.707054268004399091e+03
5.791284952696807522e+03
5.864444896362132567e+03
4.349663856713161294e+03
5.779888213341950177e+03
5.859329106717810646e+03
3.209998067948677090e+03
5.546983609938857626e+03
