6.924037652244021956e+03
6.874016029151078328e+03
6.946415927673262559e+03
6.874549205646620976e+03
6.509852191649062661e+03
6.865898165291851910e+03
6.860713939859346283e+03
6.600544596634587833e+03
6.788697907559415398e+03
6.884390073659321388e+03
6.883944294394973440e+03
6.668297553095772855e+03
6.767309601408617709e+03
6.819919316331994196e+03
6.881192140289532290e+03
6.784170924783017654e+03
6.931240418901431440e+03
6.894899917625021772e+03
6.446467292835382068e+03
6.735233156529728149e+03
