5.800622119164167998e+03
5.800472438265413075e+03
5.689333819561579730e+03
5.762918966608202027e+03
5.884395085821523026e+03
5.810757068011068441e+03
5.956413609788857684e+03
5.820457122889439233e+03
5.707327129753951340e+03
5.684495824701572019e+03
5.781397344209252878e+03
5.922533565123979315e+03
5.811602303625531931e+03
5.723347075468313051e+03
6.040086542059536441e+03
5.826701200049265026e+03
5.940741862912133911e+03
5.911159492635726565e+03
5.933118807265524083e+03
5.674934893114176703e+03
