7.016739197830764169e+03
7.009085074509384867e+03
7.136431929895191388e+03
7.027589836499218109e+03
6.938683084962234716e+03
6.994147096269638496e+03
7.048780625359592705e+03
7.139385316917415366e+03
6.935716925247676045e+03
7.104264698839155244e+03
7.187929671693675118e+03
7.101121421213934809e+03
7.043248187943858284e+03
7.031131813034608058e+03
7.055175659054356402e+03
7.018257049740645925e+03
6.973347036507662779e+03
7.163868838184452216e+03
7.197943035312771826e+03
6.944506956027568776e+03
