5.745623120501434641e+03
5.977924136679175717e+03
5.590222565653892161e+03
5.423542526314614406e+03
5.947637736451917590e+03
5.620763659850342265e+03
5.593685951941018175e+03
6.015643429562300298e+03
5.791597793511005875e+03
5.763770335827321105e+03
5.577609428303117966e+03
5.737049887466030668e+03
5.967402826332464429e+03
5.780467585010452240e+03
5.764403411942069397e+03
5.683162271871653502e+03
5.978620635445140579e+03
5.682441774593664377e+03
6.211198699186527847e+03
5.694976463339926340e+03
