5.840246079703248142e+03
6.147710810232219956e+03
6.180457260371630582e+03
6.167256192267960614e+03
6.119992891752352079e+03
6.229279852482569368e+03
5.901905434436411269e+03
5.961680454682781601e+03
6.008268381413668976e+03
6.034332283841576100e+03
5.955017091050173804e+03
5.943494785891471111e+03
6.244289465988194934e+03
6.456921403183168877e+03
6.101006321600159026e+03
5.921713818989539504e+03
6.000620858316711747e+03
6.196767483789662947e+03
6.095433093371470932e+03
6.170395785883217286e+03
