6.028804108354665914e+03
5.876440344185797585e+03
6.315338575454304191e+03
6.118773894423635284e+03
6.119026930025887850e+03
6.148435622616531873e+03
5.919814317623151510e+03
6.033783928789988749e+03
6.050855071966431751e+03
6.050120389186868124e+03
6.058746529773995462e+03
6.195496151467210439e+03
6.000346238054396963e+03
6.029731870342840921e+03
5.784136851004613163e+03
6.235646330350141398e+03
5.892301777649458018e+03
6.116957035147695024e+03
6.294796968043732704e+03
6.121715099650279626e+03
