6.571315478780974445e+03
6.718758241001603892e+03
6.678443898514543434e+03
6.681923284079551195e+03
6.626560314705170640e+03
6.645148432326039256e+03
6.669754204044281323e+03
6.611939120033670406e+03
6.637553505210349613e+03
6.617645854300416431e+03
6.729951238345112870e+03
6.576853408062304879e+03
6.635137209203030579e+03
6.759950195466072728e+03
6.665997989137124023e+03
6.592085219698717083e+03
6.561097778095927424e+03
6.657001217885825099e+03
6.706039275040006032e+03
6.600013448139355205e+03
