6.441929375127814637e+03
6.497529939490780635e+03
6.374301202539239966e+03
6.569056267028283401e+03
6.348793313558640875e+03
6.468467157445739758e+03
6.521664909282755616e+03
6.426834747695077567e+03
6.439833583155923407e+03
6.377495417205483136e+03
6.474054834452956129e+03
6.545642393995755810e+03
6.457566019077574310e+03
6.313688655934073722e+03
6.449257144356995923e+03
6.530749481379049030e+03
6.491195504028226424e+03
6.311360711375323262e+03
6.558147601383175243e+03
6.484293642023578286e+03
