6.764337975883677245e+03
6.675974399638383147e+03
6.552188604977114665e+03
6.683993530253505924e+03
6.629394319513197843e+03
6.662205725302255814e+03
6.736200800081112902e+03
6.596138360681255108e+03
6.575615738453278937e+03
6.655062732507061810e+03
6.756335643773767515e+03
6.603420779033287545e+03
6.618207608881582019e+03
6.737871953554613356e+03
6.717009309240267612e+03
6.723687191459448513e+03
6.703214968263802803e+03
6.551106706699532879e+03
6.622696186475974173e+03
6.804928361079966635e+03
