6.302710076114744879e+02
3.241030939906741878e+03
3.109500078729370216e+03
3.243125179410348665e+03
3.232135166616651532e+03
3.024456894744426336e+03
3.203888036978117725e+03
3.186094236534011088e+03
3.127409918150619433e+03
3.219386973690862305e+03
3.148416370908931640e+03
3.214084128503972806e+03
3.268725625203340314e+03
3.224309597068786843e+03
3.181340859114418436e+03
3.244481859103806983e+03
2.387116043908843494e+03
3.152508958117965904e+03
3.202745198888394498e+03
3.211765784351875936e+03
