3.494392901943057950e+03
3.547360013961188542e+03
3.477887186245626708e+03
3.476508286830856832e+03
3.525132999724537967e+03
3.346777957309319845e+03
3.551418761537101091e+03
3.470153252988057829e+03
3.464680024169244462e+03
3.348103234624287325e+03
3.392061641886491998e+03
3.585769162305074587e+03
3.616387102040159789e+03
3.544215181742794812e+03
3.513308626603638004e+03
3.512091743060689623e+03
3.510025540794789322e+03
3.423940995423420190e+03
3.584303144521466947e+03
3.566191027070863584e+03
