3.559707066309442325e+03
3.572845349112360964e+03
3.560345690116741480e+03
2.503713664419190536e+03
3.631832065723500364e+03
3.570563140717217266e+03
3.672642006751671943e+03
3.669874272746725637e+03
3.662888962468739010e+03
3.591408191306481967e+03
3.594193749919857055e+03
3.572943753025846490e+03
3.648396109787621754e+03
1.141760561069793994e+03
3.690052790454577462e+03
3.617984191189106696e+03
3.647449591852222966e+03
3.669711724084396792e+03
3.619624570109865090e+03
3.643554647448687319e+03
