3.491066532823399484e+03
2.169951486461801778e+03
3.522246786998257448e+03
3.494291123587106085e+03
3.562965328524147935e+03
3.527164203367286518e+03
3.491313031948290245e+03
3.430675583569813625e+03
3.546449224711542229e+03
3.528439188063236998e+03
3.514931195727496288e+03
3.507775222288548321e+03
3.545222311181106761e+03
3.501727704657349022e+03
3.556635246363116948e+03
2.340289590044409579e+03
3.540899701960931907e+03
3.511634361688646550e+03
2.077580197075932119e+03
3.483215650473784990e+03
