3.156792690034673797e+03
3.144178970630526237e+03
3.146177170080696214e+03
3.195445905677024712e+03
3.177077628633131098e+03
3.154005798417414553e+03
3.225666367862284915e+03
3.153494733950597038e+03
3.216894396962583414e+03
3.021028477914378527e+03
1.606446289627636133e+03
3.238227684025854160e+03
3.218159671509193231e+03
3.192675416939695424e+03
3.278449352986026497e+03
3.139407995316648339e+03
3.211579517789740748e+03
3.160062478582019594e+03
3.154524963171209947e+03
2.149646733093612511e+03
