1.506414158248538797e+02
7.551447563949286632e+02
7.819164913361739764e+02
6.303630428966780528e+02
6.958049457940472848e+02
5.419313678177672955e+02
5.070941409303870273e+02
5.601731415707657789e+02
7.379911550467639927e+02
5.447759150539826578e+02
5.514346042450247296e+02
1.144571869373161519e+02
1.191447468397730773e+02
3.264741641543536161e+02
4.744263637500426398e+02
2.949386435930316566e+02
1.410421625685478944e+02
6.127088438074545138e+02
5.133799836489046129e+02
3.166755701061861146e+02
