4.217819529415928059e+02
4.500906858176862784e+02
3.629407589723072078e+02
4.287079842076922773e+02
4.813170776252359815e+02
5.015084669657953782e+02
3.734464678156605260e+02
4.164129164722547785e+02
4.521944132403578465e+02
4.907715296927486861e+02
3.711996995191554447e+02
4.593883821260736227e+02
4.945497435599966707e+02
4.530891219709749862e+02
5.220079260036139885e+02
4.752907028942939860e+02
5.263682529758192459e+02
3.797996742525186846e+02
9.715363317054129766e+01
5.019389660335066878e+02
