8.749012271493475055e+02
7.043213055271281746e+02
8.698380959402834378e+02
7.351873913178079647e+02
7.932334459769389241e+02
6.634304715014354770e+02
7.260482489286374630e+02
7.779636803115558905e+02
7.673417187645939066e+02
7.080409868039932917e+02
7.266577842302086765e+02
7.923929508309918219e+02
8.747712734540709789e+02
1.186168340402646436e+03
8.041289941858256043e+02
8.727055531673623818e+02
9.676154578920671838e+02
8.181942388312329513e+02
8.310467653046273426e+02
7.343785276726110851e+02
