2.803496497732452553e+03
1.024338813095318301e+03
3.013991227656405499e+03
1.055812768816117796e+03
3.146273409644873027e+03
1.977666100237862111e+03
2.307543919505129452e+03
2.021666312436912222e+03
3.153619979836732455e+03
2.873074132581322374e+03
3.231742952000829519e+03
3.149126100037916331e+03
3.120750352292900516e+03
6.606669900874479708e+02
2.059821290590712579e+03
3.190327486640750521e+03
3.176231748693919144e+03
2.499172620681696571e+03
3.212031878884320122e+03
2.544666765503372972e+03
