3.269166167013424001e+03
3.245061701271503352e+03
3.265908670987911592e+03
2.688695155390411401e+03
3.233729803837360578e+03
3.211979115759681008e+03
3.235920980364191109e+03
3.228094842694404178e+03
3.206869962862662305e+03
3.195871077016738582e+03
3.273591196123622922e+03
3.246116764228699594e+03
3.261039361506256682e+03
2.000128763102647099e+03
3.262411998605186909e+03
3.297717296993243053e+03
3.258297412929379789e+03
3.212013805258675802e+03
3.268086694250986511e+03
3.237400961662489408e+03
