7.669446418524006504e+02
8.684808201520826287e+02
7.888709519578427489e+02
8.337095584778385273e+02
7.831217887470965024e+02
8.393305627388078847e+02
6.218643161775934232e+02
7.689649442113512805e+02
8.115361202374209597e+02
5.649066021969020994e+02
8.497910939649749480e+02
9.962645924079117776e+02
8.340806647283066013e+02
7.853767720073005876e+02
6.716150077921613502e+02
8.487092497046591006e+02
8.746827980136848737e+02
5.925691898472505272e+02
1.139900984407788883e+03
5.470267714891995183e+02
