3.333713070094456725e+03
1.251594730277730150e+03
1.617295588952853905e+03
1.989488755717350841e+03
3.077867767283393277e+03
1.618799107197113017e+03
2.051106960557230650e+03
1.379280993474185152e+03
3.041974534226991636e+03
1.226420240828383612e+03
1.693073679293467421e+03
2.089235895069242360e+03
1.991140233376712558e+03
2.565024203443462739e+03
2.473259320082910563e+03
1.651968059809190436e+03
3.292148793494317488e+03
2.757237780256816677e+03
2.831005656043354520e+03
1.659759208305780476e+03
