8.702653035931398335e+02
1.005580486645077258e+03
1.019272922316199242e+03
1.021633252781357555e+03
1.054501941716507417e+03
1.473105627354700573e+03
1.333022072561857158e+03
1.049757671845078221e+03
1.364877075709457813e+03
1.840532740697094368e+03
1.257274898335871057e+03
1.333578084472105274e+03
1.251561668819348824e+03
1.136916811168108552e+03
1.358368013737459250e+03
1.557843535539770983e+03
1.108593632536188125e+03
1.363608161155182870e+03
1.141926091548823706e+03
1.051429126552784965e+03
