8.317682754252507493e+02
5.482509945683124215e+02
7.606791024537044450e+02
7.604212479948402006e+02
7.553934383793323377e+02
8.183231012885771634e+02
6.592905659270824117e+02
7.962769594533698410e+02
7.384281497302922617e+02
5.383298852092082143e+02
6.666462152987902527e+02
6.098364391946184924e+02
7.899958929113018939e+02
6.493894516405757713e+02
6.726235051891133025e+02
7.620954387723078298e+02
7.965948758562293506e+02
7.649826714366804481e+02
7.089845824715449680e+02
7.286026655685557216e+02
