5.966883430803120518e+02
2.876757688924758440e+03
1.324795183117775650e+03
1.649823719077641272e+03
1.388301856049811249e+03
3.134836851523949463e+03
9.852666750537714506e+02
1.351591593003087837e+03
3.280419475163275820e+03
3.077018221938444185e+03
2.801076287025172405e+03
1.279915000722946388e+03
1.880012731991387000e+03
9.628787819590643267e+02
1.463841335182475177e+03
3.328898678704874328e+03
2.861623792593197777e+03
1.408030635840370223e+03
2.558217060248282905e+03
1.447719356678798249e+03
