3.059728754782213400e+03
1.846511823314965341e+03
1.594190083747976360e+03
3.065733933328074272e+03
2.798856336065608048e+03
3.043055468241703693e+03
3.046630968264777039e+03
2.022908967173880228e+03
1.193688271310471464e+03
2.068843876301344608e+03
1.920756117325592868e+03
3.137871690639720782e+03
3.097468024825248904e+03
3.134067278220983553e+03
2.098385566966338047e+03
1.596959954924430349e+03
2.560921115862371607e+03
1.699053723963095990e+03
2.557555797574641474e+03
2.591357667613034209e+03
