6.214215576074419005e+03
6.324692691248324991e+03
6.304950573842135782e+03
6.199298339749209845e+03
6.144866787253728035e+03
6.294235516862106124e+03
6.120828036882256129e+03
5.986236402542694123e+03
6.189842493448858477e+03
6.338834449259248686e+03
6.198363518690861383e+03
6.393056108827510798e+03
6.178778317267573584e+03
6.080157984586116982e+03
6.042943039423093069e+03
6.204525699431036628e+03
6.434712260433931078e+03
6.206667546504429993e+03
6.057436160247516455e+03
6.100292126123184062e+03
