6.182589971556834826e+03
6.348542092246244465e+03
6.404870435164059018e+03
6.236258271649133349e+03
6.158706379520013797e+03
6.237946828434101917e+03
6.401415050681269349e+03
6.183972087353798997e+03
6.159578398087374808e+03
6.417194216422093632e+03
6.295253896380309016e+03
6.294637228366282216e+03
6.220595586796560383e+03
5.968011627939750724e+03
6.272075492242757718e+03
6.248140636382443518e+03
6.465131734121132467e+03
5.941991147309358894e+03
6.206175027271536237e+03
6.464377937909248431e+03
