5.863604106877893173e+03
5.672799361823992513e+03
5.810329786786560362e+03
5.949267866820415293e+03
5.994025588194605007e+03
6.115203990461273861e+03
6.025153006616452330e+03
5.999202997794889598e+03
5.994431273147537468e+03
6.058201111519634651e+03
5.688588002152077934e+03
5.754490949868310054e+03
5.644752791468491523e+03
5.906598439401383075e+03
6.072702919796302012e+03
6.053226062483387977e+03
5.867716895771145573e+03
6.077458796375034581e+03
6.257799134786728246e+03
6.126329475161478513e+03
