6.228899181432720980e+03
5.843047818595748140e+03
6.254911596438718334e+03
6.378834424179070993e+03
6.241961716381963015e+03
5.973615075531860384e+03
6.484372956844621513e+03
6.216219617230561198e+03
5.736721374063388794e+03
6.313657662499433172e+03
6.654006066907204513e+03
6.363144290840708891e+03
6.313082124437778475e+03
6.000138770246806416e+03
6.478230446620092152e+03
6.267056651926257473e+03
6.284568280668901934e+03
6.335995680360058941e+03
5.895889952968122998e+03
6.414407405017988822e+03
