3.901654386606915068e+03
5.102549167504081197e+03
5.309320461393720507e+03
5.513001981737463211e+03
5.271313092879753640e+03
5.378789176895810670e+03
5.148156592750427990e+03
2.648934436868390094e+03
5.460211903436736065e+03
5.224967388456632762e+03
4.576732604321199688e+03
5.614613288505216588e+03
5.640495441136332374e+03
5.060927152619527078e+03
5.524326931791304560e+03
5.362597955915622151e+03
5.323796232805759246e+03
4.018400769670628506e+03
5.213985263811253390e+03
5.324883253158455773e+03
