9.863730676399728736e+02
9.287341238071173848e+02
8.674109253153064856e+02
6.656224439419661394e+02
7.090789202783073506e+02
5.780856198328839355e+02
6.585859665632899578e+02
7.810392811806729014e+02
7.147216114787702281e+02
6.890434414204928544e+02
1.038552231552044532e+03
6.143384144669638545e+02
8.401717377462892955e+02
6.824902906797366313e+02
9.958222028907799768e+02
6.166017361654195383e+02
6.906517272186811169e+02
7.002464756939468771e+02
8.374003423678733498e+02
5.718014904817474644e+02
