3.443193323324953781e+03
3.565739816025788514e+03
3.503378060286958316e+03
2.309358990055010054e+03
3.644363479892346277e+03
3.830940205977406094e+03
3.682577034056005232e+02
3.642668151082329587e+03
3.638808624828349366e+03
3.796080618635157862e+03
3.549236851461963397e+03
3.817333573183263525e+03
2.776805031962529029e+03
3.492251502490124039e+03
3.482671049954249156e+03
3.448801643899840201e+03
3.560493676508361204e+03
6.774847436104467988e+02
3.690533179354388267e+03
3.220908972739918227e+03
