9.383757647005123772e+02
6.791490377840875681e+02
9.212404675322895855e+02
6.254795688811481114e+02
6.349255789308151634e+02
6.915726550053128676e+02
5.902292479372259777e+02
7.696538655879465978e+02
3.302763292636621372e+03
6.675083013854622322e+02
6.786059690228677255e+02
3.925654672499659341e+02
6.802421205777663999e+02
1.495490858555810973e+03
6.212377320974065924e+02
6.367948480903171458e+02
1.960072238511011619e+03
6.900483831872095379e+02
7.742206525608116863e+02
8.134190463119439300e+02
