3.701170996387034393e+03
3.596199676976014871e+03
2.304089399295616204e+03
3.682374644233909294e+03
3.420313160314344259e+03
3.903747460473500269e+03
3.504560776139872360e+03
3.710232681390985363e+03
1.473444211614783626e+03
3.589935384900074496e+03
1.192576208643692780e+03
1.162611620352162163e+03
2.284179457096913211e+03
1.132287024455646588e+03
3.700919938085178728e+03
2.760925138351194619e+03
2.004002961969612443e+03
3.700674212353162602e+03
2.242354667867782609e+03
3.694729361289732424e+03
