4.864180496867928923e+03
4.657857313137610618e+03
4.780830682788350714e+03
4.968820158565812562e+03
4.768961143851693123e+03
4.906400100444095187e+03
4.739695861273838091e+03
4.650573185986368117e+03
4.863581723334311391e+03
4.597530383041846108e+03
4.759330088234233699e+03
4.753524515665667423e+03
4.297818887381343302e+03
4.826698152857853529e+03
4.448991792972226904e+03
4.657334473722884468e+03
4.680498584911194484e+03
4.697932919989360016e+03
4.781959279813529974e+03
4.661944402121554958e+03
