4.667647023544384865e+03
4.885595302723159875e+03
5.099993675339116635e+03
4.900774079637468276e+03
5.219699779918208151e+03
4.923284529890806880e+03
4.933164050851984030e+03
5.101871112468398678e+03
4.717411160800868856e+03
4.947780383792186512e+03
5.139228609849841632e+03
5.243503287156891020e+03
4.746521281560425450e+03
4.983467936220570664e+03
4.720404314884896849e+03
4.628082175631367136e+03
4.711789406958783729e+03
4.990511855571830893e+03
5.215819966023024790e+03
5.022613308789984330e+03
