2.729104397546290784e+03
2.501786886798620344e+03
1.860893771994284634e+03
3.505569988858304896e+03
1.904022443541061193e+03
1.583284736777705803e+03
3.679669052965274659e+03
1.930713638694183601e+03
3.451201524839050307e+03
3.598877875361421502e+03
3.170087150086878864e+03
1.304864477981675691e+03
2.046623332469864636e+03
1.720602085807690173e+03
1.883233845313167876e+03
3.446667771895044552e+03
3.533545725843594482e+03
3.016679955223863544e+03
2.053616369071195550e+03
3.081999766330469356e+03
