5.907133222246384321e+03 2.193725093552215526e+02 1.000000000000000000e+03 0.000000000000000000e+00
5.438144274454173683e+03 1.473811832552397902e+02 1.000000000000000000e+03 0.000000000000000000e+00
5.481471683426418167e+03 1.589051061143755703e+02 1.000000000000000000e+03 0.000000000000000000e+00
5.553490977057132113e+03 1.523076990318353978e+02 1.000000000000000000e+03 0.000000000000000000e+00
5.639252040343561021e+03 1.298616711091022466e+02 1.000000000000000000e+03 0.000000000000000000e+00
5.579861443551189950e+03 5.516408564045378853e+02 1.000000000000000000e+03 0.000000000000000000e+00
5.714704178677515301e+03 1.921385361429566387e+02 1.000000000000000000e+03 0.000000000000000000e+00
5.730576433573836766e+03 1.008538002149191612e+02 1.000000000000000000e+03 0.000000000000000000e+00
5.817348480287211714e+03 1.324907889720415994e+02 1.000000000000000000e+03 0.000000000000000000e+00
5.840600407012980213e+03 1.280053894615256240e+02 1.000000000000000000e+03 0.000000000000000000e+00
5.843152225241002270e+03 1.228090994162883334e+02 1.000000000000000000e+03 0.000000000000000000e+00
5.896679756141507823e+03 9.087244255056846498e+01 1.000000000000000000e+03 0.000000000000000000e+00
6.033833940519738462e+03 1.216112069941844993e+02 1.000000000000000000e+03 0.000000000000000000e+00
6.105030550721959116e+03 8.532303348793772102e+01 1.000000000000000000e+03 0.000000000000000000e+00
6.151134437993556276e+03 1.254883583277993750e+02 1.000000000000000000e+03 0.000000000000000000e+00
6.164523297886932596e+03 1.038497115193957114e+02 1.000000000000000000e+03 0.000000000000000000e+00
6.270808119955260736e+03 7.037073329535493826e+01 1.000000000000000000e+03 0.000000000000000000e+00
6.268870911886024260e+03 6.835890038360280130e+01 1.000000000000000000e+03 0.000000000000000000e+00
6.256412725661313743e+03 9.441306837357804227e+01 1.000000000000000000e+03 0.000000000000000000e+00
6.319946928708706764e+03 8.807717479962866491e+01 1.000000000000000000e+03 0.000000000000000000e+00
6.373750445203812887e+03 7.581007928177051269e+01 1.000000000000000000e+03 0.000000000000000000e+00
6.403546344291497007e+03 9.840855007183783698e+01 1.000000000000000000e+03 0.000000000000000000e+00
6.388043602505612398e+03 1.152477313952364710e+02 1.000000000000000000e+03 0.000000000000000000e+00
6.260170626493450982e+03 1.018506060087976977e+02 1.000000000000000000e+03 0.000000000000000000e+00
6.383393877951943068e+03 6.968776599775769398e+01 1.000000000000000000e+03 0.000000000000000000e+00
6.419935716348707501e+03 7.268846309175062004e+01 1.000000000000000000e+03 0.000000000000000000e+00
6.459378076301554756e+03 6.161297192943810330e+01 1.000000000000000000e+03 0.000000000000000000e+00
6.467543162640900846e+03 9.420786720972567707e+01 1.000000000000000000e+03 0.000000000000000000e+00
6.536384628604830141e+03 7.159381318685942119e+01 1.000000000000000000e+03 0.000000000000000000e+00
6.555473102203925009e+03 6.753479352822542126e+01 1.000000000000000000e+03 0.000000000000000000e+00
6.617833332524130128e+03 4.587646876728337020e+01 1.000000000000000000e+03 0.000000000000000000e+00
6.614708067522316924e+03 7.971440232025689454e+01 1.000000000000000000e+03 0.000000000000000000e+00
6.619026928833166494e+03 7.024675209932574660e+01 1.000000000000000000e+03 0.000000000000000000e+00
6.690616822446524566e+03 6.980726327491255745e+01 1.000000000000000000e+03 0.000000000000000000e+00
6.434632732532096270e+03 7.500131588228636303e+01 1.000000000000000000e+03 0.000000000000000000e+00
6.469426602990301944e+03 7.940031559060045652e+01 1.000000000000000000e+03 0.000000000000000000e+00
6.533156078202981917e+03 7.548055871142743456e+01 1.000000000000000000e+03 0.000000000000000000e+00
6.571838128728728407e+03 5.026066723543209491e+01 1.000000000000000000e+03 0.000000000000000000e+00
6.628294681342471449e+03 6.988731757304174153e+01 1.000000000000000000e+03 0.000000000000000000e+00
6.669142837139732364e+03 7.899105031096854646e+01 1.000000000000000000e+03 0.000000000000000000e+00
6.727319040564319948e+03 5.625146492567955647e+01 1.000000000000000000e+03 0.000000000000000000e+00
6.772929202121366870e+03 8.310754054457851225e+01 1.000000000000000000e+03 0.000000000000000000e+00
6.779067169440420912e+03 5.769981818939929497e+01 1.000000000000000000e+03 0.000000000000000000e+00
6.769278356105864987e+03 6.409118902855816202e+01 1.000000000000000000e+03 0.000000000000000000e+00
6.829245037539430086e+03 6.713169321974146442e+01 1.000000000000000000e+03 0.000000000000000000e+00
6.481010934811165498e+03 6.628639655096820604e+01 1.000000000000000000e+03 0.000000000000000000e+00
6.514066483557704487e+03 6.202764670240241429e+01 1.000000000000000000e+03 0.000000000000000000e+00
6.587833888264869529e+03 6.459292688612316624e+01 1.000000000000000000e+03 0.000000000000000000e+00
6.629496908252435787e+03 4.005272406808568775e+01 1.000000000000000000e+03 0.000000000000000000e+00
6.681435125884779154e+03 6.262445988431271360e+01 1.000000000000000000e+03 0.000000000000000000e+00
6.737918313124348060e+03 4.696709778489502440e+01 1.000000000000000000e+03 0.000000000000000000e+00
6.758494561879166213e+03 5.401052139141101804e+01 1.000000000000000000e+03 0.000000000000000000e+00
6.825530822739175164e+03 6.754942619788623404e+01 1.000000000000000000e+03 0.000000000000000000e+00
6.832198281041026348e+03 5.381141723038503955e+01 1.000000000000000000e+03 0.000000000000000000e+00
6.859053447135271199e+03 7.305939799174322502e+01 1.000000000000000000e+03 0.000000000000000000e+00
6.875620763105439437e+03 6.164016543012778726e+01 1.000000000000000000e+03 0.000000000000000000e+00
6.467030587766312237e+03 6.823637065688403425e+01 1.000000000000000000e+03 0.000000000000000000e+00
6.537747676002849403e+03 4.561691017888426813e+01 1.000000000000000000e+03 0.000000000000000000e+00
6.591439189261055617e+03 5.150434192566655156e+01 1.000000000000000000e+03 0.000000000000000000e+00
6.632891137591298502e+03 5.636522470723232914e+01 1.000000000000000000e+03 0.000000000000000000e+00
6.694583056351631058e+03 6.481990465132808765e+01 1.000000000000000000e+03 0.000000000000000000e+00
6.732216054221737068e+03 5.493104954101510629e+01 1.000000000000000000e+03 0.000000000000000000e+00
6.787403377211230691e+03 4.369137809444353593e+01 1.000000000000000000e+03 0.000000000000000000e+00
6.814517242596128199e+03 6.726088047900007894e+01 1.000000000000000000e+03 0.000000000000000000e+00
6.869186289124791983e+03 6.603848608606985238e+01 1.000000000000000000e+03 0.000000000000000000e+00
6.868691573238269484e+03 3.414595971026756871e+01 1.000000000000000000e+03 0.000000000000000000e+00
6.870178074919151186e+03 6.958747623827191831e+01 1.000000000000000000e+03 0.000000000000000000e+00
6.404832320298079139e+03 9.947684134227455388e+01 1.000000000000000000e+03 0.000000000000000000e+00
6.469383130775951940e+03 5.989414579372317604e+01 1.000000000000000000e+03 0.000000000000000000e+00
6.543796655290900162e+03 6.197093631623618393e+01 1.000000000000000000e+03 0.000000000000000000e+00
6.603722878773895900e+03 5.882077263935824618e+01 1.000000000000000000e+03 0.000000000000000000e+00
6.624025631921460445e+03 7.207995283608235582e+01 1.000000000000000000e+03 0.000000000000000000e+00
6.377692172367470448e+03 1.460544369838255534e+03 1.000000000000000000e+03 0.000000000000000000e+00
6.769698698467344002e+03 6.231827981677463413e+01 1.000000000000000000e+03 0.000000000000000000e+00
6.767937119597983838e+03 5.108361468828729812e+01 1.000000000000000000e+03 0.000000000000000000e+00
6.810803243743052008e+03 6.335720650305992052e+01 1.000000000000000000e+03 0.000000000000000000e+00
6.862058181194671306e+03 5.640325806476282366e+01 1.000000000000000000e+03 0.000000000000000000e+00
6.857077951915043741e+03 6.521191397887477592e+01 1.000000000000000000e+03 0.000000000000000000e+00
6.332737522684310534e+03 7.464980544744186375e+01 1.000000000000000000e+03 0.000000000000000000e+00
6.410712235715096540e+03 5.576405374064276543e+01 1.000000000000000000e+03 0.000000000000000000e+00
6.483974777086183167e+03 4.400191290424962887e+01 1.000000000000000000e+03 0.000000000000000000e+00
6.499403135412418123e+03 5.118969450243402264e+01 1.000000000000000000e+03 0.000000000000000000e+00
6.569743925008059705e+03 5.962658021854911539e+01 1.000000000000000000e+03 0.000000000000000000e+00
6.633327723348955260e+03 7.327099950554905661e+01 1.000000000000000000e+03 0.000000000000000000e+00
6.680803358398467026e+03 5.737951779465531388e+01 1.000000000000000000e+03 0.000000000000000000e+00
6.729527256537359790e+03 4.468271675206968752e+01 1.000000000000000000e+03 0.000000000000000000e+00
6.731926268366039949e+03 6.320277600299158394e+01 1.000000000000000000e+03 0.000000000000000000e+00
6.766710116198803007e+03 5.203160849444105907e+01 1.000000000000000000e+03 0.000000000000000000e+00
6.792685369439289389e+03 8.725373200144382224e+01 1.000000000000000000e+03 0.000000000000000000e+00
6.225849193026946523e+03 8.346207202516320933e+01 1.000000000000000000e+03 0.000000000000000000e+00
6.304781193558665109e+03 6.837716572417535588e+01 1.000000000000000000e+03 0.000000000000000000e+00
6.351994154934622202e+03 9.920220551189441949e+01 1.000000000000000000e+03 0.000000000000000000e+00
6.415912530224733928e+03 7.022994874295140733e+01 1.000000000000000000e+03 0.000000000000000000e+00
6.484039987776412090e+03 6.902607206808922058e+01 1.000000000000000000e+03 0.000000000000000000e+00
6.541607556938884954e+03 5.472532700454137711e+01 1.000000000000000000e+03 0.000000000000000000e+00
6.584396529603443923e+03 7.407490635172020177e+01 1.000000000000000000e+03 0.000000000000000000e+00
6.612904237792243293e+03 6.391819464906114234e+01 1.000000000000000000e+03 0.000000000000000000e+00
6.649977033299936920e+03 6.271397919596964954e+01 1.000000000000000000e+03 0.000000000000000000e+00
6.675672325227623332e+03 6.930422602843758284e+01 1.000000000000000000e+03 0.000000000000000000e+00
6.716662768112119011e+03 8.040751317987422908e+01 1.000000000000000000e+03 0.000000000000000000e+00
6.060205999396724110e+03 6.619114847539420055e+01 1.000000000000000000e+03 0.000000000000000000e+00
6.075272810646269136e+03 4.224734560371385328e+02 1.000000000000000000e+03 0.000000000000000000e+00
6.189668931514214819e+03 8.483329962582148198e+01 1.000000000000000000e+03 0.000000000000000000e+00
6.256493865548602116e+03 1.039419565394940435e+02 1.000000000000000000e+03 0.000000000000000000e+00
6.340882429168982526e+03 8.015003394321865926e+01 1.000000000000000000e+03 0.000000000000000000e+00
6.404255466615934893e+03 8.632619493840579139e+01 1.000000000000000000e+03 0.000000000000000000e+00
6.126789297035034906e+03 1.272016577615879442e+03 1.000000000000000000e+03 0.000000000000000000e+00
6.471816684927011920e+03 1.114188061660480429e+02 1.000000000000000000e+03 0.000000000000000000e+00
6.452994212420120675e+03 1.658124709671167807e+02 1.000000000000000000e+03 0.000000000000000000e+00
6.516770030574709381e+03 7.881744180068437799e+01 1.000000000000000000e+03 0.000000000000000000e+00
6.578080731912082229e+03 6.147275869100361234e+01 1.000000000000000000e+03 0.000000000000000000e+00
5.592664343262980765e+03 1.127816809780355243e+03 1.000000000000000000e+03 0.000000000000000000e+00
5.995599376577526527e+03 8.450468274019074499e+01 1.000000000000000000e+03 0.000000000000000000e+00
5.767908285394156337e+03 1.324925629260290179e+03 1.000000000000000000e+03 0.000000000000000000e+00
6.114175129432141148e+03 1.099619127145917759e+02 1.000000000000000000e+03 0.000000000000000000e+00
6.181460369348767927e+03 8.714328951084232244e+01 1.000000000000000000e+03 0.000000000000000000e+00
6.233700582019012472e+03 1.059665033514641266e+02 1.000000000000000000e+03 0.000000000000000000e+00
6.306416932009462471e+03 1.040569316929407506e+02 1.000000000000000000e+03 0.000000000000000000e+00
6.314503723681468728e+03 1.142526592670914170e+02 1.000000000000000000e+03 0.000000000000000000e+00
6.111576288267197924e+03 1.018870717038747102e+03 3.070000000000000000e+02 0.000000000000000000e+00
6.092622464422642224e+03 1.341511611752054705e+03 1.000000000000000000e+03 0.000000000000000000e+00
6.382541795165907388e+03 8.142807855317904853e+01 1.000000000000000000e+03 0.000000000000000000e+00
