6.319181454544211192e+03
6.441796731734832065e+03
6.331962351879577909e+03
6.327654829293027433e+03
6.459643113151073521e+03
6.531349461156911275e+03
6.420641776868908892e+03
6.510221409028534254e+03
6.463185266553205111e+03
6.569716637910516511e+03
6.405047912384791744e+03
6.390177356267575306e+03
6.401082236391294828e+03
6.404453720157561293e+03
6.496396107513740390e+03
6.332400219725730494e+03
6.545205231360405378e+03
6.429378471659487332e+03
6.526632956235697748e+03
6.386527406824840000e+03
