5.417709040791122789e+03
5.375571626169260526e+03
5.000981194907568351e+03
5.532206691570885596e+03
5.748174279843959084e+03
5.447757664928240956e+03
5.545888614013293591e+03
5.422041152965642141e+03
5.521484691596692755e+03
5.425496376818703538e+03
5.347736007709659134e+03
5.384943291306737592e+03
5.338811373082330647e+03
5.247665519905589463e+03
5.453665004178275922e+03
5.621972501633659704e+03
5.455959023000071284e+03
5.589820100178492794e+03
5.428367471227536953e+03
5.456633863255743563e+03
