5.868726573177568753e+03
6.084676814151880535e+03
6.026426198393734921e+03
6.085823261962588731e+03
6.017320233810157333e+03
5.726261055423710786e+03
5.963132044047625641e+03
6.195930759001385013e+03
5.992034842858034608e+03
6.084427741765205610e+03
6.164443407105838560e+03
6.198479141082784736e+03
6.191103627963617328e+03
6.079528179272515445e+03
5.881650204330234374e+03
5.966377499083499060e+03
6.170021185186304137e+03
5.917710563522822667e+03
6.062802106107124928e+03
5.999803372148150629e+03
