5.963714360372423471e+03
5.665739728039645343e+03
5.806221152529330539e+03
5.902502293872026712e+03
5.892517673264535915e+03
5.931842536799583286e+03
5.432949541066565871e+03
6.038377959705845569e+03
5.910916529233545589e+03
5.831706214653865572e+03
6.155772576843958632e+03
7.233224137381579339e+02
6.035766788928228380e+03
5.898759290639420215e+03
5.623395684231913947e+03
5.716865042179949342e+03
5.787672239401556908e+03
5.895173650452810762e+03
5.832704208729164748e+03
5.807366980577087816e+03
