6.454824948309673346e+03
6.431340559636484613e+03
6.382168937953484601e+03
6.387258256234327746e+03
6.471498851803889920e+03
6.478510086992831930e+03
6.279346166779360829e+03
6.226749660114674043e+03
6.318236003134040402e+03
6.200173091983990162e+03
6.309854647078074777e+03
6.271791454805811554e+03
6.298416102011446128e+03
6.384390999939689209e+03
6.356341847757440519e+03
6.155441397724977833e+03
6.483383185078438146e+03
6.317954853731682306e+03
6.304442522061479394e+03
6.527759525560644761e+03
