1.805974818985048159e+03
1.584419234279933107e+03
3.602698876453900084e+03
2.481651008166232259e+03
3.523750215745742935e+03
3.517458628502292868e+03
3.522489931009296470e+03
1.591896019695827817e+03
3.655809490586656011e+03
2.297224880987835149e+03
3.071167158350529007e+03
3.525734185437353972e+03
2.834649178192290492e+03
1.969417280821769737e+03
3.566841139957008636e+03
3.477460224167986780e+03
3.381747433065991572e+03
2.458537279623566974e+03
2.077147934679349419e+03
3.542416206050575965e+03
