3.485415597361365144e+03
3.604253047245152629e+03
3.538843468792487329e+03
3.535218097838701397e+03
3.524310240206937124e+03
3.539459898225258712e+03
3.676120564468889825e+03
3.545990533326097648e+03
3.549205737277789922e+03
3.572579561582256702e+03
3.551493531162531781e+03
3.547682826069714793e+03
3.534517563850085935e+03
3.567247154240717919e+03
3.559037416740725348e+03
3.558852073800699600e+03
2.018375636753022718e+03
3.531025908049266945e+03
3.535732277396839891e+03
3.560107632638884752e+03
