3.506173400855219825e+03
3.729042272046875041e+03
3.218746825688074296e+03
3.749726079098271839e+03
3.724015458941007637e+03
2.105175271265336505e+03
3.753162498799091281e+03
3.733262899725049010e+03
3.764732661812114657e+03
3.748189883723279763e+03
1.994381342146473798e+03
3.777729994669031839e+03
3.785762198248322420e+03
3.850934261967384373e+03
2.528867823082079667e+03
3.774924265110557826e+03
3.760517355486995257e+03
2.877387505707797118e+03
1.501186290340161122e+03
3.745704274792491105e+03
