2.425848252975669766e+03
1.407343879859865410e+03
8.863386749001779208e+02
3.235130866210594377e+03
1.618036831093088722e+03
1.394349712362791024e+03
1.224199812919573105e+03
9.147681322880653170e+02
1.417986416438744982e+03
1.507783874360804930e+03
2.471086904055621744e+03
9.840706102274807563e+02
1.473987320014274246e+03
1.525882158514365301e+03
1.892037127393810124e+03
1.289923016082092090e+03
1.054645804316082604e+03
1.868103550108346326e+03
2.042598882521345786e+03
9.381618817472381124e+02
