3.497375551198989797e+03
3.489103170857943951e+03
3.490260494682884200e+03
3.502028328766469713e+03
2.480464155605967790e+03
3.483440201574302591e+03
3.489805850001801446e+03
3.516753861829671678e+03
3.516046208386414492e+03
3.474100776855033018e+03
3.505263316441823008e+03
3.511995257256890909e+03
3.532235476705757719e+03
3.515398710687219591e+03
3.504739629383900592e+03
3.511190638718938771e+03
3.514998798841305415e+03
3.545462528809931882e+03
3.591521983954037296e+03
3.552865210317107085e+03
