6.663278133111057286e+03
6.397980372901978626e+03
6.364726385786365427e+03
6.494900624445024732e+03
6.364375696114348102e+03
6.760099841539343288e+03
6.471962205908667784e+03
6.502529894313330260e+03
6.702724762216816998e+03
6.345908455411885370e+03
6.393112776979123737e+03
6.499433951954952136e+03
6.488322361344305136e+03
6.363775386093054294e+03
6.401372695709291293e+03
6.631391463023522192e+03
6.384477037469082461e+03
6.449763527866180993e+03
6.621532385274138505e+03
6.239380159877156984e+03
