6.951261890065128682e+03
7.011923811964243214e+03
7.013673343991546972e+03
7.024270185576649055e+03
7.035252642509312864e+03
7.284654084459438309e+03
7.316509594909874068e+03
7.124405631221961812e+03
6.982718463788534791e+03
7.023000034905469875e+03
6.852198942873138549e+03
7.092573310732731443e+03
7.171302090031645093e+03
7.419003823018172625e+03
7.134539873758895737e+03
7.106728287502517560e+03
7.006480054891149848e+03
7.107777279167255983e+03
7.150210171377997540e+03
7.061387620596916349e+03
