6.520607794344035938e+03
5.894632482892908229e+03
5.981086493369242817e+03
6.789905066193369748e+03
6.637427188489990840e+03
6.363285038323519075e+03
6.247585514857767521e+03
6.418165694359893678e+03
6.687024397395442975e+03
6.787696297324875559e+03
6.487151038109544061e+03
6.479640548431149000e+03
6.287152108809719721e+03
6.386682594645985773e+03
6.595897529445857799e+03
6.258928009111154097e+03
6.264026893396094238e+03
6.590291966750744905e+03
6.376657969977673929e+03
6.840628573737762963e+03
