6.827712035485441447e+03
6.789107834743633248e+03
7.123846395607999511e+03
6.690085697013323625e+03
6.920898277551498722e+03
6.468175484327698541e+03
6.794315173980384316e+03
6.823050253525998414e+03
6.991867417722527534e+03
6.848454470082106127e+03
6.850636659059138765e+03
6.900660891291549888e+03
6.528974571353305691e+03
7.023059499937091459e+03
6.596942577570248432e+03
6.649000753066225116e+03
6.977639752711387700e+03
7.251134168239431347e+03
7.264895643079807996e+03
6.682884058539254511e+03
