6.311140717479572231e+03
6.474167099381505068e+03
6.286076424286173278e+03
6.291207934124487110e+03
6.511097863841762774e+03
6.382348609574781221e+03
6.505696090913132139e+03
6.587195940454138508e+03
6.551524547466952754e+03
6.337918648552958075e+03
6.309490180974450595e+03
6.428410708630645786e+03
6.516266783165365268e+03
6.733658157623496663e+03
6.394700576589889351e+03
6.047019497329507431e+03
6.268707198564052305e+03
5.907373764968206160e+03
6.352350558224638007e+03
6.242063767928848392e+03
