6.764240142639748228e+03
7.088546688301365975e+03
6.659319592316627677e+03
6.924016303824496390e+03
6.923445998684655933e+03
6.809036858851661236e+03
6.435713233674990988e+03
7.064750363639407624e+03
6.702950749179958621e+03
6.534014291043949925e+03
6.745494732807145738e+03
6.600793541651880332e+03
6.947127797150070364e+03
6.696729317499926765e+03
7.054470573651730774e+03
6.826400372817093739e+03
6.865751125009355746e+03
7.067462251275529525e+03
6.956842576091677074e+03
6.939843504082813524e+03
