1.184767021267097107e+03
1.276820039224938455e+03
9.618046250164221647e+02
7.177954220660012652e+02
1.696217194074538156e+03
1.393776800415921571e+03
9.927339257540261315e+02
1.448022737782215245e+03
1.430323254588755390e+03
9.679991677813301294e+02
1.411268311294623118e+03
1.127427905600926351e+03
1.206419374191689940e+03
1.454680169633942796e+03
1.149770459681752982e+03
1.129501422973868557e+03
1.650468295072702404e+03
2.222998671931874014e+03
1.098898540360461766e+03
1.490206524383196211e+03
