6.689722939234861769e+02
7.290813065586091852e+02
1.075325379969526693e+03
3.609613340021264776e+02
1.317026963393768938e+03
3.584744346492985869e+02
1.023630197018173590e+03
8.724850362295915147e+02
1.325250587169113260e+03
8.945436118960137719e+02
7.791338663506812736e+02
8.027444456332767686e+02
6.406036551958501377e+02
9.425132819054375659e+02
6.222666604753583215e+02
3.349635258630390808e+02
4.365478721086661835e+02
8.051743657198957180e+02
2.321117240084547575e+03
8.171552563848820228e+02
