6.303635408557935307e+02
9.461581672846502897e+02
1.094244005526250248e+03
9.383679446078012916e+02
8.093827830979391820e+02
8.076840586403485531e+02
6.690517697318847468e+02
1.418158508810531885e+03
7.029821499054710330e+02
6.588164402185665267e+02
5.206124578180657636e+02
8.960223725355074293e+02
7.047578776041716537e+02
9.268653429484185153e+02
7.411899859658468586e+02
6.884378892787715358e+02
5.869359200524540938e+02
7.963170297347190854e+02
1.397637150529398241e+03
1.038259300968774824e+03
