2.058453708009841193e+03
2.230689818729571016e+03
1.894413351152293899e+03
2.608540333651182664e+03
3.577471494140678715e+03
3.609515277463099665e+03
3.255149944581583441e+03
2.670258434061900061e+03
1.117848688840176010e+03
3.452546390803224313e+03
2.003343412753006533e+03
3.627959642454953155e+03
3.710964056197778064e+03
3.713664223052836860e+03
3.778630100051015688e+03
2.871294231761131869e+03
3.247548123393071364e+03
6.705456808255363512e+02
1.134627719884171483e+03
3.623830412693243034e+03
