1.800917687443655723e+03
3.723885584601364826e+03
2.038740814994698894e+03
3.790695184405843975e+03
2.696689179465656252e+03
3.297693437988168171e+03
3.709733864832156087e+03
3.733225086495004234e+03
2.882759800310812807e+03
1.343330232548701360e+03
2.281154399139288671e+03
3.729969001214735727e+03
1.955214501368345054e+03
8.778754946861025701e+02
3.641640392279510706e+03
1.915368118179444991e+03
2.807857942842330431e+03
6.300866077488609562e+02
3.740915574065734290e+03
3.753804125698722601e+03
