3.490326935174963637e+03
3.433005167098735910e+03
3.365732412070443388e+03
3.405839642681165969e+03
3.441236152203644451e+03
3.449032100048711527e+03
3.483373134775042217e+03
3.438750290473954010e+03
3.477294184604519160e+03
3.485557450880630768e+03
8.525754573172993105e+02
3.528153184601755129e+03
3.412486715639111026e+03
3.484223968692372637e+03
3.556335379665134496e+03
3.477569111094499931e+03
3.581095843929897455e+03
3.410992260169309702e+03
3.512200717761510532e+03
3.449289068392577065e+03
