6.500619719311602012e+02
5.674331917580542495e+02
9.074575191695560079e+02
8.576600871397311039e+02
8.573666636132956000e+02
1.087475525397944693e+03
6.949558879165979306e+02
9.003795512333848592e+02
9.690677038920173345e+02
6.790209248056620481e+02
1.113639808890413406e+03
7.616544403062052879e+02
6.773098859405201893e+02
1.209738792020736355e+03
6.612349582375036334e+02
8.619750944716523691e+02
1.220186501712454628e+03
1.037580067808368540e+03
6.315126785164288776e+02
7.948097600186283671e+02
