2.160615085898918551e+03
2.124330657433237320e+03
2.188582980782952745e+03
2.257721552712420817e+03
2.267042946385885443e+03
2.178860547746307020e+03
2.172135746753358944e+03
2.265278438038521927e+03
2.185958644870888747e+03
2.187219981216569067e+03
2.164776611810591476e+03
2.186817433633813835e+03
2.117063451568176788e+03
2.245977061328420859e+03
2.169030219611349366e+03
2.177214426650767564e+03
2.184880183328634303e+03
2.219998585787658158e+03
2.268000986042497516e+03
2.175744579536125002e+03
