2.202763139938181212e+03
2.200458752791121242e+03
2.204136158905913817e+03
2.163370950804432596e+03
2.216034229094272632e+03
5.596467049119869444e+02
2.234629476443356907e+03
2.171448400822065651e+03
2.248100365676282763e+03
2.178649755009208093e+03
2.187993886747152828e+03
2.196916026046031675e+03
2.226106753063914766e+03
2.180382549011887477e+03
2.219957242105603200e+03
2.188584199437809275e+03
2.148245659203363175e+03
2.203434103915178184e+03
2.179952271577961710e+03
2.139213389584848301e+03
