2.254806867701755436e+03
2.285222365950835979e+02
2.130398212669995701e+03
2.174051971113585751e+03
2.187199388042027294e+03
2.194885207101539436e+03
2.271410967674823951e+03
2.167622665076052726e+03
2.195252915249670423e+03
2.213069108631021663e+03
2.276949012807046984e+03
2.302625792043487309e+03
2.258802031331996659e+03
2.217886246034128817e+03
2.238224635304804451e+03
2.037368495547543148e+02
2.256261553650121641e+03
2.156413533772349922e+02
2.212745184238857746e+03
2.018005159498429464e+02
