5.358486781573256849e+03
5.100294625689698478e+03
5.110623783057390028e+03
5.283303403871480441e+03
4.898961323264178645e+03
5.153575793728222379e+03
5.607888326844738913e+03
5.020755973448472105e+03
5.268354560902384947e+03
5.269461007439359491e+03
4.966510769392179100e+03
5.174411819131020820e+03
5.458010451151100824e+03
5.019499685977150875e+03
5.048162020291777480e+03
5.103789993851247345e+03
5.287907849261748197e+03
5.057996389771308714e+03
4.934598053966622501e+03
4.797997802984658847e+03
