5.455391039186556554e+03
5.351530762263061661e+03
5.402558451006188079e+03
5.130927368391515301e+03
5.171190246197154011e+03
5.134231143613281347e+03
5.261215555815110747e+03
5.488875593270334321e+03
5.283611694339802852e+03
5.366816629588201977e+03
5.068937909095250689e+03
5.198152833955389724e+03
5.445999514944906878e+03
5.318511191491105819e+03
5.200249723905155406e+03
5.453467118943074638e+03
5.041375946256990574e+03
5.496589888060337216e+03
5.235663575984998715e+03
5.279244320986580533e+03
