5.712247876484279914e+03
5.914835949649627764e+03
5.776558856154069872e+03
5.802521468140481375e+03
5.781770464380834710e+03
5.567648636493127015e+03
5.490107358778130219e+03
5.719426077245381748e+03
5.783101696067013108e+03
5.901583443352345967e+03
5.798006728588476108e+03
5.780876554044047225e+03
2.872009003979881982e+03
5.464004315779160606e+03
2.279145206039195727e+03
5.873815868238425537e+03
5.895378258718053985e+03
5.512147201534211490e+03
5.545848750963261409e+03
5.450453025375310062e+03
