5.821167801520780813e+03
6.019887392007959534e+03
5.615435764112447032e+03
5.881189319261769015e+03
5.697914044852844199e+03
6.007500216048138100e+03
5.828961655475012776e+03
5.803586756813085231e+03
5.987829810819227532e+03
5.806425846035519498e+03
5.652225563912642428e+03
5.830931622104342750e+03
5.808905136022439365e+03
5.873919246842316170e+03
5.846965316050937872e+03
5.724184061046315037e+03
5.840439748487538964e+03
5.592740214960715093e+03
5.782463652182725127e+03
5.867005590967819444e+03
