1.318462946725561778e+03
9.502873177549613501e+02
8.721928837300213218e+02
9.919029712843389461e+02
5.272096628080108758e+02
1.651482821389353148e+03
5.966116418758192594e+02
7.241383328755955517e+02
1.248502920397496155e+03
9.862532715599678568e+02
1.209634991917831258e+03
7.874451387635883748e+02
7.408415046944164715e+02
1.160297834686658234e+03
1.056437322896705837e+03
6.826311135751069514e+02
6.105724748001807711e+02
7.153893389203127526e+02
1.237731090822343958e+03
6.862974138179324655e+02
