2.870631371110954660e+03
3.134855118914690138e+03
1.494039080203425328e+03
3.509472730544108799e+03
2.105903489524013366e+03
3.552618742009887683e+03
1.290679564670025457e+03
1.614061338025561781e+03
3.547893743927580090e+03
1.849479535974385726e+03
3.064405175013495409e+03
2.156520735027652790e+03
2.644133887829412288e+03
3.553444983043315005e+03
3.496034628535008778e+03
2.175783265465305249e+03
1.424074992024952508e+03
3.489834652969829222e+03
2.995363527372362569e+03
1.315476591899036976e+03
