3.024756372432463650e+03
3.558402112197418774e+03
3.828620470055408987e+03
3.459748454764815961e+03
2.501582784847361836e+03
3.581288862900194999e+03
3.595683566212744154e+03
3.476456670030152054e+03
3.628153885270663523e+03
3.572877650375686699e+03
3.651421651946347993e+03
3.536884663452986388e+03
3.759078571651267339e+03
2.944323163963290426e+03
3.674079637536845439e+03
3.585578528522795295e+03
3.663355176620937527e+03
6.534514990854439702e+02
3.649009132816600868e+03
3.588603786301098808e+03
