1.655778124462583719e+03
1.828173499995522661e+03
1.179168585479194462e+03
1.077033476206293017e+03
1.427594250573135469e+03
3.221690032840568165e+03
1.642821302556738829e+03
1.143064193275910384e+03
1.177609478607462279e+03
1.152795225003936366e+03
1.065552582573419386e+03
1.111084714297937580e+03
1.062942853770905685e+03
1.083904600367525063e+03
1.478345097922104060e+03
1.123180661024494384e+03
1.247239595198306461e+03
8.569177280101501992e+02
1.101704912528165551e+03
1.173316011204320830e+03
