3.424009558590182223e+03
1.468177188751135418e+03
3.241204799131399795e+03
3.288911123228179349e+03
3.244801356809201934e+03
3.485889457276115536e+03
3.335786238174202481e+03
2.289231244683688146e+03
3.341057582797205214e+03
3.389774715756484966e+03
3.314449923370043962e+03
3.247522070857402468e+03
3.238366333868936636e+03
3.332367366508045507e+03
3.392419127085412583e+03
2.543305278642664575e+02
2.085256439229519856e+03
3.264186944731854510e+03
3.313218401239804734e+03
3.320811507967920079e+03
