3.699498787886658647e+03
3.778188565648991698e+03
3.753664032978637806e+03
3.711155439245217622e+03
3.733430321632625692e+03
3.738892074578619940e+03
3.744242533149286373e+03
2.111900949380462407e+03
3.771890216153242363e+03
3.760404599316487293e+03
3.724457928120582437e+03
3.737529331130138871e+03
3.740935665855064599e+03
3.743328650313507751e+03
2.428638253624554636e+03
3.753356897690714050e+03
3.766137586286617079e+03
3.717227435232797234e+03
3.736577246243533409e+03
3.708034185459211585e+03
