3.507008565859626742e+03
2.181813170745365369e+03
3.001014961809351462e+03
2.427200811022706148e+03
1.836133679949492262e+03
2.625041818500669706e+03
1.263255070437109907e+03
1.168407217284616308e+03
1.684628185755840605e+03
2.123208836833437090e+03
2.222717489290538651e+03
1.886553459847662907e+03
1.918453937970258721e+03
2.307284846389077757e+03
1.431486726289654825e+03
1.299672132940605479e+03
1.347484428759488765e+03
2.819836975608663579e+03
1.192151978127672010e+03
2.119019260901980488e+03
