3.528804920331022004e+03
3.115453000790294936e+03
3.527354215516489603e+03
3.544078202341115230e+03
3.559134937573671777e+03
3.502564048327020373e+03
2.706748955393197321e+03
3.549449961028826692e+03
3.513246098843547770e+03
3.518272546946518560e+03
3.537038016076131044e+03
3.542031968680331374e+03
3.522365357952840441e+03
3.547684695485779685e+03
3.508661219806463578e+03
3.466408352941699377e+03
3.568219334181914292e+03
3.515785376863820602e+03
3.533420951819824495e+03
3.519915414952287392e+03
