6.283541423459770385e+02
5.677884305095174113e+02
7.138589429952850196e+02
8.636985037116461399e+02
8.412452905981851927e+02
7.279018050541235425e+02
7.184329310595755942e+02
7.327297991440983651e+02
7.029096191812917596e+02
7.317190328288477303e+02
8.030789463295442374e+02
6.555124836821404415e+02
4.957524478484107249e+02
5.799211430307244655e+02
6.102751058444406453e+02
6.024331637770856105e+02
6.788121967249159070e+02
8.283779378017804902e+02
7.194186944157049766e+02
6.912860058693784140e+02
