5.347050794612041500e+02
5.492784736116119575e+02
5.269194386798227470e+02
5.930067030318564321e+02
5.911800819623313146e+02
5.304624771331867805e+02
5.211324949358607910e+02
5.630066865273643089e+02
5.267957472023065293e+02
5.710257473689933931e+02
4.793685065310585287e+02
5.416140071583691906e+02
5.398305773764184323e+02
5.800518740404087339e+02
5.116688916621507701e+02
4.930550998795596911e+02
5.787053591115204654e+02
5.348523588155757125e+02
5.367063966144118012e+02
5.250683487500061801e+02
