5.330369081505875783e+02
5.213172018877535265e+02
6.590620972150989019e+02
7.066059159265381595e+02
1.020938825401516965e+03
9.697404744874442031e+02
5.415327874528899201e+02
6.292557091017946505e+02
5.058525968623681024e+02
5.920451506623624027e+02
3.537091358638535439e+03
3.378301799350697820e+03
3.435017569471188381e+03
5.548282121636882493e+02
4.976078525507109021e+02
3.469680648362050761e+03
1.599998009615928595e+03
4.997497209527006703e+02
5.134322880626062897e+02
4.503421793505450523e+02
