8.509346887680150076e+02
2.292967999708578191e+03
3.385794735806868630e+03
3.362146025045180522e+03
1.103660249076172931e+03
1.156771029414529949e+03
2.295883311411585510e+03
2.861234989440593836e+03
3.439461138141321953e+03
2.873779306895577065e+03
5.322573364111170804e+02
4.231515477913809264e+03
1.698468599159251880e+03
1.137231890124391612e+03
3.944310194660058642e+03
5.811252967565575318e+02
2.638925306085823649e+03
2.451939791610670454e+03
1.618849658251033588e+03
6.787311720610340444e+02
