5.795885766203889034e+03
5.865004317683783484e+03
5.790145413416317751e+03
6.109777787075316155e+03
5.783716084117810169e+03
5.598018749420469248e+03
5.797984748345612388e+03
5.742081389125129135e+03
6.145019767302872424e+03
5.810995790086929446e+03
5.783344711577359703e+03
6.091726255658846640e+03
5.795680207563440490e+03
5.666174191211466677e+03
6.055376300025277487e+03
5.908183783529319953e+03
5.766753868624588904e+03
6.027595947053275268e+03
5.850913795083164587e+03
5.989935904289549399e+03
