5.429031852993402936e+03
5.853144302582955788e+03
5.828357196854725771e+03
5.815433837078697252e+03
5.804125416311053414e+03
5.621514170437292705e+03
5.491240073359008420e+03
5.785297933783302142e+03
5.590016143563859259e+03
5.794267397848007931e+03
6.035080316808527641e+03
5.792581087214357467e+03
5.619567212689928965e+03
5.661841545713028609e+03
5.649038532044723070e+03
5.607397711275230904e+03
5.909938271894036006e+03
5.857750910701995053e+03
5.550677737251342478e+03
5.385312873937965378e+03
