5.094523667826570090e+03
4.284812464628184898e+03
3.785150728805721883e+03
5.378715152338315420e+03
4.409360487867263146e+03
4.991881790572463615e+03
5.411520018007968247e+03
4.121032252879053885e+03
4.535220847519020936e+03
4.558428417015421473e+03
4.809794475142185547e+03
4.325549192837833289e+03
3.142101179812403188e+03
5.912616298058609573e+03
4.509356634288968962e+03
4.542097986814654178e+03
5.995621817385695067e+03
5.183555021514182954e+03
5.010956865828700757e+03
3.762110654143100419e+03
