5.918656147636052083e+03
6.260739088879453448e+03
6.226296967229654001e+03
6.128205958129922692e+03
6.042048935980044007e+03
6.512098437551584539e+03
5.949149262077355161e+03
6.269334658894902532e+03
6.264211698864426580e+03
5.970912853305513636e+03
5.232033028240254680e+03
6.338373713695513288e+03
5.965897544869381818e+03
6.007684143155584934e+03
6.305668104791559017e+03
5.938861889150855859e+03
5.978103631351111289e+03
6.135740229405108039e+03
6.198709236566718573e+03
6.007408482002705568e+03
