5.862224100772399652e+03
6.223739773792460255e+03
6.243227225294717755e+03
6.253232923597661284e+03
6.105034145584053476e+03
6.179800366951656542e+03
6.249471544224365061e+03
6.239000131491078719e+03
5.998299492379408548e+03
5.920932505911028784e+03
6.246636065737460740e+03
6.014335837219550740e+03
6.333425363096670480e+03
6.069264949154682654e+03
6.081299105456599136e+03
6.386190441974164060e+03
6.221069027006627039e+03
5.817896858882493689e+03
6.215788859572036017e+03
6.343338055167498169e+03
