3.101088812247403439e+02
2.787818215512056668e+03
1.819805867739978282e+02
-4.378313486597804740e+02
-2.085620063250747478e+02
-3.832363928265783102e+02
6.768193603950431907e+02
4.264458466660988961e+03
-4.322668505225573199e+02
-1.437910621340968760e+02
-1.999431071887628661e+02
4.852558624686473195e+03
1.069141686046151790e+03
1.720879026515807709e+03
2.017602131161389138e+02
1.142796518349935241e+03
-1.270132366116965557e+02
-3.156746099234665621e+02
-3.393855956986307092e+02
8.545818955076634893e+02
