6.850408294822296739e+03
6.857609182276571119e+03
6.675725221997904555e+03
6.824740443938385397e+03
6.631325214428901745e+03
6.837743362394337055e+03
7.018026075636273163e+03
6.814477154286096265e+03
6.846616239361531370e+03
6.724449189176963046e+03
6.895786849954762147e+03
6.871875204893025511e+03
6.848225932341775660e+03
6.746169308019145319e+03
6.817473827735947452e+03
6.712999359148448093e+03
6.787759765909808266e+03
6.926515609886077982e+03
6.736659452282176971e+03
6.852012135576760556e+03
