6.754051756764331913e+03
6.560963798395370759e+03
6.705314241392101394e+03
6.743388325971780432e+03
6.603461410288667139e+03
6.442840651692943538e+03
6.689292674884063672e+03
6.706206664717969943e+03
6.635987059196314476e+03
6.739569433698358807e+03
6.737978485285351780e+03
6.759045306582764169e+03
6.412423160747348447e+03
6.499934793772198645e+03
6.590221665061691965e+03
6.623443232401637943e+03
6.563615964221722606e+03
6.679641595168256572e+03
6.491577155509792647e+03
6.743354937571283699e+03
