-1.958259821073886258e+02
-2.448612877332762992e+02
-2.404567353484230807e+02
-1.045602775671692655e+02
-1.147602031451283011e+01
-1.708476661233193283e+02
-1.956728612610547202e+02
-1.913053755988738658e+02
-2.270419408945874693e+02
-1.788242954080455434e+02
-1.510156626555767332e+02
-1.867422785981634377e+02
-2.030132141520339815e+02
-2.138194930818722810e+02
-6.965223916973307894e+01
-1.919477998378420978e+02
-1.704002920518472592e+02
-1.941153827503522962e+02
-1.678967018833188547e+02
-1.666450601408774332e+02
