6.307013850020348400e+03
6.352419553976170391e+03
6.473839201988218520e+03
6.449964115848122674e+03
4.575167839424560952e+03
6.296808519886992144e+03
6.391610645822418519e+03
6.232218505450115117e+03
6.460227811521338481e+03
6.346303555597098239e+03
6.407553762650966746e+03
6.394435356122600751e+03
6.273920681606407015e+03
6.360962050454168093e+03
6.435263083739147078e+03
6.300002903863452048e+03
6.344023481260943299e+03
6.441787132910543733e+03
6.258446005232512107e+03
6.403073166297022908e+03
