6.543805791503961700e+03
6.424216936821891977e+03
6.393288699284978975e+03
6.536983162049536986e+03
6.481846417038173968e+03
6.524588725918009914e+03
6.309101297011507086e+03
6.500282624818544718e+03
6.480792237563397975e+03
6.493183409575673977e+03
6.516536224730490176e+03
6.518889203459591954e+03
6.541231798265242105e+03
6.505912824484463272e+03
6.469345630555226307e+03
6.565348634001114988e+03
6.463846059890734978e+03
6.578008908601334952e+03
6.461106576109416892e+03
6.472031850264921559e+03
