5.864465177403243388e+02
4.512763563306392598e+02
4.447948393205581397e+02
5.568170642418986063e+02
4.081621330540239114e+02
6.005163157967098186e+02
6.205592458276794332e+02
3.889329940462926629e+02
4.482664525664510506e+02
5.728337198477777292e+02
4.026163273497879800e+02
5.947191706714631891e+02
8.283344181324789588e+02
5.109278710430197066e+02
3.854034329002025743e+02
4.862052672750718330e+02
3.601209664863341686e+02
5.813254451885138678e+02
6.764412300292019609e+02
6.215408733156665448e+02
