8.256732983678680284e+02
9.409665643785592692e+02
1.309352175514466808e+03
1.442983657001877873e+03
1.145987678779439648e+03
9.468332738774666950e+02
1.422361801275869539e+03
1.247128283098262955e+03
1.249973050305021843e+03
1.274519420074371055e+03
1.344913675054527857e+03
1.161951871833822679e+03
2.063372724156249660e+03
1.253004952693876930e+03
9.904377924473445773e+02
1.197109226141510590e+03
1.261354401040498942e+03
1.471052964039083463e+03
1.255856271487155027e+03
1.388834096535675599e+03
