4.713234613678274059e+02
5.023065449715778641e+02
5.262060506732566409e+02
5.460946433731551224e+02
4.483131288685926847e+02
6.215669184026714902e+02
4.572818509840159891e+02
3.768073116684441857e+02
5.403330660486968782e+02
4.643355394041900013e+02
6.178295792131037842e+02
4.676438847128302427e+02
4.474277498553173018e+02
4.477677060656810681e+02
5.113333273266276819e+02
4.622249712904992975e+02
5.530250748903878275e+02
5.389056907500474836e+02
5.526434109663447316e+02
5.505214384960213465e+02
