3.694978186786743663e+03
3.700164120771221405e+03
3.386823951952213747e+02
3.731191994094884194e+03
1.855520279488106098e+03
3.675533311721177142e+03
3.774207852160835046e+03
3.794284740985712688e+03
3.742807872152844539e+03
1.736471986518924268e+03
3.659851409694417271e+03
3.608149891062072356e+02
3.789195185461201163e+03
3.686305106347541823e+03
3.465590849133296842e+02
3.763388012563922530e+03
3.733841042110123908e+03
3.681498454970909734e+03
3.754650171221621349e+03
6.892216264639839665e+02
