1.851916069330650544e+03
1.824752774542708266e+03
1.840953285784636819e+03
1.840500674263524616e+03
1.846176927986549799e+03
1.844065315869420601e+03
1.843801451974151632e+03
1.799244548515687029e+03
1.781988683527046305e+03
1.800864483348070735e+03
1.783858355072676886e+03
1.816803097995552434e+03
1.833485038290403736e+03
1.840139510515218717e+03
1.803367771222516467e+03
1.804135708937003301e+03
1.811097427077662360e+03
1.843038977969685675e+03
1.870057741030492934e+03
1.814607628213414046e+03
