6.613674205372168444e+02
5.892281902920200309e+02
6.639404928888440054e+02
6.264190116802632247e+02
8.367146999268223908e+02
5.325008443540853023e+02
6.080806074446483080e+02
5.430896393036603058e+02
6.568325732901292895e+02
6.396990708509241585e+02
5.694591151636213908e+02
5.603456319304781346e+02
6.184257947375134563e+02
5.803976587074677127e+02
5.894871123443369925e+02
5.842437469990919681e+02
5.867143927422671368e+02
6.133230924279555438e+02
5.882057642915666520e+02
6.222866660592287644e+02
