3.685248637946516283e+03
3.739459227214130351e+03
3.707016666573043040e+03
3.764645933796823101e+03
3.819801602127384740e+03
3.716416880939540533e+03
3.784900301343375304e+03
2.403166558436605555e+03
3.765146256008004457e+03
3.736912090504944445e+03
3.777265273009546036e+03
3.715346135340171259e+03
3.757843311898554020e+03
3.798512989820430903e+03
3.775690938794269186e+03
3.802682029389730815e+03
3.816231620431268311e+03
3.793423737277676992e+03
3.769756037212199772e+03
3.762433605307651305e+03
