3.587350026836334564e+03
3.524531959418394308e+03
3.597500057735486280e+03
3.597458679155063692e+03
3.650018169664529069e+03
3.602543709963510082e+03
3.610077015257279072e+03
3.591042767182563693e+03
3.627999357051655807e+03
3.429931042516562229e+03
3.595170512565725858e+03
3.609032309294168044e+03
3.563643365257868936e+03
3.581512891428974399e+03
3.615333684600872857e+03
3.603869608009198146e+03
3.594979548886757129e+03
3.557076252880840002e+03
3.621772493474723433e+03
3.555739165809773567e+03
