1.732264319130019203e+03
1.461225686427696473e+03
2.517760550833064372e+03
1.965691332308867231e+03
3.244205222457838772e+03
3.384160287510414491e+03
1.753289731486519031e+03
1.772072731732894454e+03
3.345540676976295799e+03
3.300747507813956872e+03
3.233831540647774091e+03
3.226207254795602694e+03
3.267616371256582624e+03
3.315226044989773527e+03
3.239836818042928371e+03
1.492837580078798510e+03
2.564690650031988298e+03
3.193612308995202056e+03
1.510236859211556521e+03
1.724534173369226437e+03
