3.853459694755108103e+03
3.855223530686263075e+03
3.761388017036272231e+03
3.867071968002641370e+03
3.891337209213589176e+03
3.840187508758373497e+03
3.528045921123625249e+03
3.777937040477247137e+03
3.807395443352491384e+03
3.962613856223002585e+03
4.039896468339191870e+03
4.147935461341494374e+03
3.657776374675221632e+03
3.738228633448628443e+03
3.784421772424883784e+03
3.855557475894322579e+03
4.055010259777339343e+03
3.941063521485527417e+03
3.732626207428324051e+03
4.162924412252159527e+03
