3.684540413533084120e+03
3.656432935439199809e+03
3.719793124854018515e+03
3.580029377732898411e+03
3.540075745413337700e+03
3.762275488325718015e+03
3.469714700814963180e+03
3.581634307980635640e+03
3.513680815603991960e+03
3.594124454733183484e+03
3.665541615004503456e+03
3.726623379490816205e+03
3.116024566330668677e+03
3.830681763181557017e+03
3.322385130676675544e+03
3.553214490073437446e+03
3.523148419371445016e+03
3.776050055431407600e+03
1.862584746824620197e+03
3.601521253354198507e+03
