4.402284846933480367e+03
4.017337844188321924e+03
3.972462505528163547e+03
4.384000493411811476e+03
4.298080016712966426e+03
4.107885282795535204e+03
4.235825383515309113e+03
4.177416228787703403e+03
3.986799495211769681e+03
4.160752715115686442e+03
3.971431266273081292e+03
4.031514462721748714e+03
4.518427555508442310e+03
4.259652012642634872e+03
3.978000366685063454e+03
4.395275687615534480e+03
4.099949314970978776e+03
1.091272065253895107e+03
4.141669149574307085e+03
4.237851788035615755e+03
