4.017020032279324823e+03
3.704105297531416454e+03
3.809149957627327240e+03
4.234723378653530744e+03
4.270394039510220864e+03
4.044907570549179582e+03
4.125806229327016808e+03
3.958998991208570260e+03
4.147199744096628820e+03
4.130126531719241029e+03
3.891880015401581659e+03
4.183416422698592214e+03
4.151698587394714195e+03
3.753203956476921576e+03
4.142574411855817743e+03
4.118692446605735313e+03
3.836701816037942990e+03
3.826599266499389159e+03
4.059746392070057027e+03
3.962292092241112641e+03
