2.482291205022767372e+03
2.578238407395422655e+03
2.467486344790000203e+03
2.502099177102551948e+03
2.488045085954957358e+03
2.495199375248862452e+03
2.476861958553756267e+03
2.497582678730119369e+03
2.478906014941888316e+03
2.502265581464343995e+03
2.464197154226612383e+03
2.437799069501138547e+03
2.505668891345667816e+03
2.463847724311180627e+03
2.459429147822902905e+03
2.441928453681033261e+03
2.498849795713013918e+03
2.482407627779642553e+03
2.491462080502594290e+03
2.470205182591057564e+03
