2.447478189099816973e+03
9.956932842779929160e+02
1.240812975821457940e+03
2.644380879507566078e+03
1.053031132619471236e+03
7.492782304829468103e+02
2.484729552592901200e+03
2.668820720374606481e+03
2.654938951952633943e+03
2.605768163571301102e+03
6.280104314110083124e+02
1.898305001459929599e+03
7.459386156312007188e+02
2.499725526525737678e+03
7.493931274659141764e+02
1.331671350263046861e+03
1.630284575109457592e+03
2.484099041096345900e+03
1.532036166595193890e+03
7.410164579215157801e+02
