6.879218937299157915e+03
6.636333191982030257e+03
6.906819946843710568e+03
6.620463744734635839e+03
7.179126655056832533e+03
6.981007716294619058e+03
6.651149046989725321e+03
6.894042030272043121e+03
6.750176412354581771e+03
6.891137410133807862e+03
6.272272338094222505e+03
6.759758170083739969e+03
6.760136089062742030e+03
6.489508653244328343e+03
6.596333070729125211e+03
6.370694221746508447e+03
6.766008264383231108e+03
1.643307495755681884e+03
6.856864852634992531e+03
7.064339214123418060e+03
