5.449724740821675368e+03
5.311320841452545210e+03
5.188627279241278302e+03
5.157735274491971722e+03
5.121801298150848197e+03
5.031420750177478112e+03
5.205230097033889251e+03
5.240915274871093970e+03
5.156931084780077981e+03
5.070752742495326856e+03
5.053735121787586650e+03
5.369997384957771828e+03
5.150420310259176404e+03
5.230619871156384761e+03
5.280668361494432247e+03
5.179985789274053786e+03
1.838884517097019170e+03
5.326577101305184442e+03
5.259795778685536789e+03
4.895467486201695465e+03
