3.287490206517318256e+03
3.248829398316768220e+03
3.263794339033595861e+03
1.629496163564052040e+03
3.297441459002704050e+03
3.298058378985294439e+03
3.261427844623993224e+03
3.285935553876852737e+03
3.268833287494729120e+03
3.311468727255649355e+03
3.241017863981239316e+03
3.243305678959553461e+03
3.307420186202684818e+03
3.288712335171237100e+03
3.251538879700153757e+03
3.244179826595579470e+03
3.271685979401735494e+03
3.280239788131721980e+03
3.284877634286910961e+03
3.255021671341758520e+03
