3.685475703670625080e+03
3.669161513090810331e+03
3.654480055119740882e+03
3.660682639705589281e+03
3.705746359728289917e+03
3.707001785346413271e+03
3.681852835208042507e+03
3.670894797301857125e+03
3.656010452263923071e+03
3.691302656713408851e+03
3.641920862589671742e+03
3.666621417411785387e+03
3.668506997038173267e+03
3.628988715347065863e+03
3.652238411315510803e+03
3.659567395140993085e+03
3.654871257371673892e+03
3.642519606272466262e+03
3.698155111386749923e+03
3.671609036400373043e+03
