1.913918472571371467e+03
1.512375256850687038e+03
3.514869470583494603e+03
2.813086966857895732e+03
3.482634827412145114e+03
3.485045587966155836e+03
9.155238982304373394e+02
3.511475583357674168e+03
3.489315375763832435e+03
3.065292813126091005e+03
3.518592588852152403e+03
3.527816761214520284e+03
2.801139951180172375e+03
1.443485955793090625e+03
3.578005703388408165e+03
2.464251558324942835e+03
3.518428619798966793e+03
3.465672435864176805e+03
3.607515872601368301e+03
3.195366697375665808e+03
