7.486255229879390072e+02
7.189866864012196856e+02
1.001200943345001406e+03
8.192968523379429371e+02
1.184748055868474921e+03
1.059764772802084963e+03
1.367298809084624281e+03
1.102284419642392322e+03
4.881576107349662834e+02
7.474229328312198959e+02
9.250650460447507157e+02
7.947486346216165884e+02
8.380785186664576258e+02
8.623165847663166232e+02
1.007049879004216905e+03
9.442332811086807851e+02
9.029159199424549342e+02
1.156224499572080958e+03
8.274227249527039021e+02
1.165227849201371555e+03
