6.244600028325514359e+03
6.318912290270622179e+03
6.365576015851444026e+03
6.307571441887317633e+03
6.447444635722169551e+03
6.320941411567686373e+03
6.243874982816095326e+03
6.412992260004516538e+03
6.350089813656653860e+03
6.320634654895126005e+03
6.257320698716375773e+03
6.118438764524975340e+03
6.288349362160049168e+03
6.259803700877970186e+03
6.319172390047216140e+03
6.401535312149866513e+03
6.309208217712122860e+03
6.191402848538475155e+03
6.388548510784770770e+03
6.246375540831870239e+03
