6.680904670344209990e+03
6.946393969182307046e+03
6.714749364672947195e+03
6.831268126004558326e+03
6.715741088373815728e+03
6.907499244378694129e+03
6.759411773578680368e+03
6.751437916446997406e+03
6.839425231238819833e+03
6.889703865271859286e+03
6.790816045483054040e+03
6.878314942536786475e+03
6.809202502850750534e+03
6.765677516589666084e+03
6.774517427476437661e+03
6.659929407188709774e+03
6.689655190803167898e+03
6.716600384617832788e+03
6.862272782305341934e+03
6.775273528929030363e+03
