6.341041325266420245e+03
6.206102132024223465e+03
6.321530726153801879e+03
6.432007271977274286e+03
6.395627827388165315e+03
6.311311008926926661e+03
6.417050207087706440e+03
6.326270079567171706e+03
6.324550534330202936e+03
6.488210377468155457e+03
6.367265567803534395e+03
6.282466673456592616e+03
6.380644782584494351e+03
6.464091247409376592e+03
6.418143793351808199e+03
6.327557839933429022e+03
6.165904561789561740e+03
6.308627370633817918e+03
6.296328415280034278e+03
6.234351336664289192e+03
