6.678495565190160960e+03
6.777265635301091606e+03
6.748353833131816828e+03
6.794169782424985897e+03
6.784174873950947585e+03
6.661773368661698441e+03
6.760221886392385386e+03
6.711750087707604507e+03
6.687131897721030327e+03
6.874709335399969859e+03
6.677793212247603151e+03
6.816458642344144209e+03
6.745556844592880225e+03
6.791915845249325685e+03
6.848729399094129803e+03
6.722081464723072713e+03
6.700216974882072464e+03
6.741691063868443962e+03
6.734691884239351566e+03
6.803302974728356276e+03
