6.746117512975178215e+03
6.830282681905957361e+03
6.699488840489874747e+03
6.807816275985311222e+03
6.840310301505140160e+03
6.670153863068265309e+03
6.739410778605372798e+03
6.814769141408840369e+03
6.828324374196927238e+03
6.708418270298533571e+03
6.808643062844070300e+03
6.660200855611361476e+03
6.864837697722288794e+03
6.821286305818191977e+03
6.817227467892384084e+03
6.735872647107700686e+03
6.867762010589610327e+03
6.724968459178201556e+03
6.636064991290088983e+03
6.800983068347160042e+03
