6.246446329105357108e+03
6.422342324598883351e+03
6.456310143661817165e+03
6.350546998836722196e+03
6.397606130039051095e+03
6.327512916730741381e+03
6.170454900508459104e+03
6.449621580679833642e+03
6.363482148748966210e+03
6.314836261583603118e+03
6.368673590105016956e+03
6.347877593676604192e+03
6.443507842058630558e+03
6.292165660864862730e+03
6.387372145926918165e+03
6.451438685180023640e+03
6.232602727410557236e+03
6.401035993926783704e+03
6.290987204252611264e+03
6.321536710397243041e+03
