5.882693734706460418e+03
5.849087292545579658e+03
6.025437093620646010e+03
6.022112053520619156e+03
5.988914785527785170e+03
6.105043120454944074e+03
6.076614821498915262e+03
5.888102620797549207e+03
5.829030308851059090e+03
5.984031054156105711e+03
1.938261444102779024e+03
5.723727100125087418e+03
2.653932530452076207e+03
6.027805632294212046e+03
6.075314583916022457e+03
5.832796279907538519e+03
6.152248644903147579e+03
5.950212118680501590e+03
6.160154566099457043e+03
6.022357615295072719e+03
