7.211394812199141597e+03
7.166691791377379559e+03
7.333992160550147673e+03
7.247790099235449816e+03
7.258966075395956068e+03
7.041707150157988508e+03
7.253926011252253375e+03
7.248477602024032421e+03
7.149282342339501156e+03
7.122365508066228358e+03
7.118470894110863810e+03
7.225679526736555090e+03
7.315530267112597357e+03
7.279762377109082081e+03
7.141876804022266697e+03
7.258954486655668006e+03
7.261146861816107048e+03
7.206049943698757488e+03
7.147070219724558228e+03
7.099156019660041238e+03
