6.911508480746474561e+03
7.175389487999713310e+03
6.955305399596501957e+03
7.102902798700091807e+03
7.186192817617970832e+03
6.878732707858633148e+03
6.938411646597157414e+03
6.957668135636697116e+03
6.923299249376297666e+03
6.941287471925463251e+03
6.889326963583604993e+03
6.883485048497003845e+03
6.786218023177964824e+03
6.885973485668519970e+03
6.856741528701634707e+03
6.948217092242942272e+03
7.036757479840693122e+03
6.789220272151383142e+03
7.080411167673101772e+03
7.135193553857613551e+03
