5.395511433506593676e+03
5.335436620896048225e+03
5.519363778837715472e+03
1.176201505372794600e+03
1.144798233397970534e+03
5.252945618362231471e+03
5.020966149938618400e+03
5.339792325972193794e+03
5.573038817370419565e+03
5.277918146435561539e+03
5.132565538821290829e+03
5.497859548542980519e+03
3.799082014980994245e+03
5.626584060959314229e+03
5.553429098607306514e+03
5.382959580680858380e+03
5.418611788461849756e+03
5.169001423458991667e+03
5.549114329776166414e+03
5.480107431648209968e+03
