5.313144219899702421e+02
5.280795556715348766e+02
5.270236374517864988e+02
4.948108809879061596e+02
5.499420280881993222e+02
5.467533920772523288e+02
5.476775874190266222e+02
5.165869312320209019e+02
5.120571173006666186e+02
5.877706642965883930e+02
5.152945975231117473e+02
5.798900602342438333e+02
5.332472244649184177e+02
5.207344729717423206e+02
5.207710127494476637e+02
5.561624075857865819e+02
5.076820007818818681e+02
5.388557369492068574e+02
5.556548810800527463e+02
5.377312468831548813e+02
