6.471928440185884028e+02
6.427581359456596601e+02
6.331711547419345152e+02
6.377943808543597015e+02
6.327057575981540367e+02
6.075424684062518281e+02
6.395775181803364831e+02
6.369726003879167138e+02
6.429597301207701321e+02
6.282314256979483389e+02
6.389583489084545818e+02
6.278617912643853742e+02
6.372087382969543796e+02
6.500628830999833099e+02
6.280303981337173127e+02
6.254061469546529679e+02
6.326667932441766879e+02
6.360271030814393498e+02
6.524076677482760260e+02
6.444918223903561056e+02
