3.147822251716001119e+03
2.852732926964888975e+03
3.129289543653536839e+03
3.096531372467659821e+03
3.060796437572742889e+03
3.139008298724992983e+03
3.116662397991311082e+03
3.121746763204633680e+03
1.984425653550480320e+03
3.106622040305413520e+03
1.973963887809558400e+03
3.201945606377105833e+03
3.141497031000407787e+03
3.117895401812450473e+03
3.164278546490825647e+03
3.160238203927782251e+03
1.949673200070346638e+03
3.020862724800498654e+03
1.793463086877096885e+03
3.126420486879428154e+03
