6.760205835240492434e+02
6.611932447234134997e+02
6.867200887434858032e+02
6.973320361428266096e+02
6.734905871065956262e+02
6.542658874217768243e+02
6.586550023496703261e+02
6.745806776505453399e+02
6.698052635002695752e+02
6.635136020732568340e+02
6.661704525062125413e+02
6.756214294794394846e+02
6.850587288055922954e+02
6.695546083942274436e+02
6.720900007519643395e+02
7.100403166011726626e+02
6.810040518461300962e+02
6.788775954750954043e+02
6.812058694151332929e+02
6.998752427337889230e+02
