6.737721021293913282e+02
6.651164278176934204e+02
6.564997321616669979e+02
6.587394097093456367e+02
6.879552341211972362e+02
6.615555646441059707e+02
6.808924719712883871e+02
6.655859296497367268e+02
6.816562631992833303e+02
6.700691288000790564e+02
6.749317243347081785e+02
6.689687848687395899e+02
6.631757278908470425e+02
6.754575370551046944e+02
6.654079846808225511e+02
6.570359380816505563e+02
6.698187450552250084e+02
6.584796374333449194e+02
6.632877323796735709e+02
6.567172943117619752e+02
