1.864550008770724162e+03
3.787780068174404732e+03
3.604861689668775853e+02
3.631164825799122355e+03
3.802875667383859309e+03
3.737394535910784271e+03
1.937967296343457747e+03
3.701631061513828627e+03
3.769805816721431256e+03
3.745225460923209084e+03
3.586094709878675530e+02
3.703329339320290728e+03
3.451485026824468605e+02
3.711653296409778704e+03
3.554957784805436631e+02
3.726526784302157921e+03
3.755331847741200363e+03
3.722934272328980569e+03
3.743201344840801539e+03
2.710298243173722767e+03
