3.558163279307259927e+03
3.693996957157561155e+03
3.603243708848206552e+03
3.646696774684960928e+03
3.639735982271883586e+03
3.655980799494575422e+03
3.657547004759167976e+03
3.666317959123276523e+03
3.615072657705345591e+03
3.657119910892142798e+03
3.654723481061263556e+03
3.562277322228246248e+03
3.615813376775863617e+03
3.560491734039313542e+03
3.563073179016901577e+03
3.618193908440423911e+03
3.646713365493644687e+03
3.582038800629177331e+03
3.557358296536206126e+03
3.672855802565302838e+03
