2.504954462399000477e+03
1.342179059004081637e+03
1.526073441741258193e+03
2.373098532167736266e+03
3.572067617774788687e+03
2.597740120362267589e+03
1.336285061160946043e+03
3.526042854170377268e+03
2.380980359750852131e+03
1.857756116481314393e+03
2.642028591134681847e+03
1.613902226829414531e+03
2.942675357441654796e+03
1.405913669267451496e+03
3.481618666727098571e+03
3.477753503215405999e+03
2.339198738478452015e+03
1.561717772015066657e+03
3.625650687748405289e+03
2.376267294671611126e+03
