3.865192563641286938e+02
3.148824924544920577e+03
3.056662479518885448e+03
3.135711894032489454e+03
3.291112189549739469e+03
3.124359764121306853e+03
3.160679648792708122e+03
3.155136110810339233e+03
3.124855107807087734e+03
3.075250604867736456e+03
3.172499079576335589e+03
3.164779027812769527e+03
3.144591085951381956e+03
3.092416200504194876e+03
3.128036157671078399e+03
3.233569484991058289e+03
3.240453593225536679e+03
3.101198236958294729e+03
3.208749094208975293e+03
2.577307558050348689e+03
