5.216549904667791679e+02
2.362126406497068729e+03
2.768845400157728136e+02
2.498900420867667435e+03
3.054614868173014202e+03
1.087127320862149418e+03
2.426104471326013481e+03
3.700302969878234762e+02
2.550839774022997517e+03
2.692377910945506301e+03
3.123103136851055297e+03
4.092380578580701922e+02
3.625102801646874468e+03
1.142117178282266423e+03
5.178732947632429386e+02
6.308313415093002732e+02
1.085709780798470547e+03
3.312313868982670556e+03
3.686233683299844301e+02
1.623968288404368877e+03
