1.842077857169098252e+03
1.971060362799175664e+03
1.301833016095254379e+03
1.373835679924569149e+03
2.728127754996680324e+03
1.817963674357458331e+03
1.484894445200718565e+03
1.171467188330911085e+03
1.229387196778913221e+03
2.051164247853639154e+03
5.123875992138065385e+02
1.534577809327373416e+03
2.704189182077439909e+03
1.995132301120092052e+03
1.065023422354034892e+03
7.900076002406614180e+02
1.736729494338780341e+03
1.097254131669792514e+03
1.275785563691171092e+03
8.068704214494015332e+02
