1.440273281330275950e+02
3.444581984848557568e+03
1.725698381466327419e+03
3.395036862842248411e+03
3.497297728145622386e+03
3.562626058435513642e+03
3.430551424612972824e+03
2.839168610408378754e+03
3.457223845537700981e+03
3.410279825496095327e+03
2.170709477048810186e+03
2.979003710002039043e+03
3.369064234200346618e+03
3.392606394599999021e+03
3.420233847260880793e+03
3.397927145695548461e+03
3.391503644878358955e+03
2.904984248390523589e+03
3.457380290271466947e+03
3.405362893335556237e+03
