2.021000834633168324e+03
3.673892235575623999e+03
3.646382781096679537e+03
3.684459379423915379e+03
3.662940996104477108e+03
2.551917066476309628e+03
1.620933211376071768e+03
3.701378649694744581e+03
3.657595850687060192e+03
1.984952596456197853e+03
3.678415978310492847e+03
3.694266054283953054e+03
3.636170935888545955e+03
2.326058456639349060e+03
3.655007486395991691e+03
3.667384142075381533e+03
3.659122348313661405e+03
3.652290888074411669e+03
3.718241914384845131e+03
3.675337525916114373e+03
