3.791587206500113098e+03
3.851029205779495896e+03
1.662789479592704538e+03
3.806561307011788813e+03
3.176385378718170614e+03
3.796717638215620354e+03
3.803067359292208039e+03
3.007047531303315282e+03
2.509001459175182390e+03
3.793388622525039409e+03
3.591404565698642728e+03
3.769836876846143696e+03
2.623226225646431431e+03
2.390500495605993819e+03
3.224008734765294321e+03
8.057337309436908299e+02
1.703710985709885335e+03
3.330209475016085889e+03
2.414316431855161227e+03
2.986465531512351845e+03
