1.561756593094968594e+03
2.927695822998775384e+03
3.417560014274855348e+03
3.586206035673461884e+03
2.340413528786104052e+03
3.480378286604287041e+03
3.015725145015176167e+03
2.518795824099324363e+03
3.328586928955362055e+03
3.391812603224492250e+03
1.884288199608997957e+03
2.081724393693401908e+03
3.447013951413784525e+03
3.149553565485989566e+03
3.435444655160450111e+03
3.053940171112814824e+03
3.605950227970539800e+03
3.465358047006165634e+03
2.005627699481087348e+03
2.415415783747886053e+03
