1.350054179379538155e+01
5.424763244632455326e+02
2.042455334163826421e+02
2.382134972152165574e+03
1.483451833560233808e+03
1.746853045462160594e+02
1.407570315879972441e+03
1.159336536201880534e+02
1.746900885084203026e+02
1.014550654051217180e+03
1.450475533595347542e+03
1.530574125444085894e+03
1.258032536140447519e+03
1.513048132205675529e+03
4.388668461989600900e+01
1.166566353359040477e+03
1.122595940062021782e+03
1.848212162692114362e+03
8.591643497618481433e+02
2.825796754658025520e+02
