1.734764297249342007e+03
1.727327756701404951e+03
1.753966219408863481e+03
1.721398737294527564e+03
1.672696185674602475e+03
1.766465301008389361e+03
1.698388226269875759e+03
1.719639161645131935e+03
1.720028268165910504e+03
1.711897282817127916e+03
1.762341588985393855e+03
1.755137910855654354e+03
1.764354031431601470e+03
1.724569596101375282e+03
1.737772199258252158e+03
1.767007334355043895e+03
1.733258916029684315e+03
1.728422561653046841e+03
1.755618340939810878e+03
1.754773367536982050e+03
