8.692564842109824212e+02
2.677512863241370269e+03
2.176904792133575484e+03
1.821670677498748091e+03
1.668539075508530004e+03
2.525491950112856557e+03
1.559781986242250014e+03
7.593750994002955395e+02
1.041405366602723916e+03
2.076784977885847184e+03
2.182481935504952162e+03
8.785103899083443366e+02
8.290510215728978665e+02
1.691971891442635524e+03
8.676564302593571938e+02
1.053569521512582241e+03
2.252362215880851636e+03
2.199312628300776851e+03
3.066298187950171723e+03
1.707659575422499984e+03
