1.403244561154276653e+03
1.359480971805329091e+03
4.058465475792434631e+02
3.460852258335235661e+02
9.077844533091310950e+02
9.167120471491782610e+02
1.203676501267335880e+03
5.667605815251894228e+02
1.141008800610058643e+03
5.365396556739279958e+02
1.244357187788094734e+03
1.025267148282983271e+03
3.606116567715659471e+02
3.615674997242351765e+02
9.038678923310476421e+02
1.177302752107253582e+03
1.328302183978485118e+03
1.229577479019035309e+03
5.396169921169231429e+02
1.171822993228116275e+03
