5.704657745896402048e+02
4.275438682339155889e+02
9.285614216224195161e+02
4.304066428395087200e+02
4.182722480657952815e+02
4.792245903331493651e+02
4.091113779262340131e+02
4.569469788679574549e+02
3.413514987069575568e+02
1.080459220738908698e+03
3.510348549634431947e+02
3.312702837613384759e+02
3.795552674572934393e+02
3.419696631851072084e+02
4.652149141239719938e+02
3.316289657535017454e+02
8.512408863662416252e+02
3.527309876721531623e+02
3.432793945056482698e+02
4.558766820196616436e+02
