3.128107478869745250e+02
3.037802796788936917e+02
3.130568078191532209e+02
2.990101586274359420e+02
3.025226786780637553e+02
2.990754977041614779e+02
2.958451755495671023e+02
4.221477970705196299e+02
3.054183619898006441e+02
2.930320412039475855e+02
3.034142445673779775e+02
2.969354801109144546e+02
3.088560065197250424e+02
3.004526436464603876e+02
2.917088117230774174e+02
3.123685361344720377e+02
3.108271628073428019e+02
3.062331683055791700e+02
3.289769983267491398e+02
3.033426792786225406e+02
