2.938218061926123028e+03
2.946881668676348454e+03
2.971774988610618948e+03
2.966967442887996640e+03
2.933678430226792443e+03
2.953016659948961205e+03
2.947937476982362568e+03
3.014883977774670711e+03
2.964632795093724326e+03
2.989407996085598370e+03
2.987723097456173491e+03
2.945383263041249393e+03
2.952793985292999423e+03
3.021798378838762801e+03
3.007286301709416421e+03
2.961277574955862292e+03
2.991197398937564230e+03
2.946953359377676406e+03
2.979281503413516020e+03
3.036970282343743747e+03
