4.665101330217477880e+03
4.670317923027533652e+03
4.961640640536541468e+03
4.834887737898624437e+03
4.993764626772429438e+03
3.105009345884942377e+03
4.583258163125727151e+03
4.709282964752483167e+03
4.928384593021281034e+03
4.992753123501928712e+03
4.787804121023093103e+03
4.852697926155171444e+03
4.586435881024489390e+03
4.879359789002677644e+03
4.678275878021052449e+03
4.722019609660637798e+03
4.924371683190090152e+03
4.902209631197601993e+03
4.833978698313967470e+03
4.807708106285504982e+03
