5.662040726502801590e+03
5.516454068752078456e+03
5.865144772719644607e+03
5.995576349305667463e+03
5.784705750098490171e+03
5.614352506048237046e+03
5.438798627357887199e+03
5.656598667128757370e+03
5.595578021602235822e+03
5.599440456606285807e+03
5.728364987956178084e+03
5.836090301019807157e+03
5.753152469347221086e+03
5.675634022532613926e+03
5.470252696926885619e+03
5.652010838519629033e+03
5.832144435727065684e+03
5.935679664894132657e+03
5.677935525159469762e+03
5.620471622381829548e+03
