4.559163969957665358e+03
4.723586369169617683e+03
4.571537774657605951e+03
4.593632381663356682e+03
4.448246393111188809e+03
4.693103216160159718e+03
4.657464750598446699e+03
4.581972422136065688e+03
4.443301401326259111e+03
4.604463950838913661e+03
4.507249500825385439e+03
4.628206830101318701e+03
4.609990851188402303e+03
4.647043795072746434e+03
4.628509079448911507e+03
4.653740947471084837e+03
4.627166228143361877e+03
4.480737519738247101e+03
4.732698112616498292e+03
4.548195622016841298e+03
