5.486342518580803471e+02
5.414458033309221037e+02
5.825316138512199586e+02
6.207134833010410375e+02
5.575453690239978641e+02
5.531393929029017045e+02
5.717161949848937184e+02
6.488273218122436674e+02
5.689027654182891638e+02
5.490148183204518091e+02
7.324820463732964981e+02
6.349554473235975820e+02
7.197321153253668626e+02
6.893665045080837217e+02
6.364902307658145446e+02
6.085988133277303405e+02
5.298475006284373876e+02
5.596232492130592391e+02
6.382669678896533014e+02
5.328215683073333366e+02
