7.308981470212285103e+02
7.589546565584483915e+02
6.920200877546654965e+02
7.476777873791278353e+02
8.767021791347285671e+02
7.659405999568601828e+02
8.568303853034199165e+02
6.721859710797790513e+02
7.162767005062438557e+02
4.794114091553846606e+02
7.586795729816666380e+02
5.121345801490559779e+02
7.335619467370463553e+02
7.732532126129104881e+02
6.678458840189875900e+02
6.840511120126803917e+02
6.330754044230400268e+02
7.542603445809186269e+02
7.417302004867532332e+02
7.523096144892933808e+02
