1.828512362423396098e+03
3.455148285813388156e+03
2.559608969175632865e+03
1.406520925126587372e+03
1.674767391741663005e+03
2.200365327908138170e+03
1.335964045786437964e+03
1.818025407065499849e+03
1.662104838832041651e+03
2.042142501758095023e+03
1.424044045922384385e+03
1.472663672871484550e+03
1.493657385804331398e+03
1.696368443108075780e+03
2.404273256874582785e+03
1.616783426729624580e+03
1.470183862552887149e+03
1.683921368775086194e+03
1.526487536904124454e+03
1.531650630471239083e+03
