5.964850484041220625e+03
5.946280970994455856e+03
6.047949400903695278e+03
1.438808398959824444e+03
6.015320454226563925e+03
5.853392203743149366e+03
5.874677825301831035e+03
5.862990500414101007e+03
5.733060183928606421e+03
5.959714852070024790e+03
6.113036320908248854e+03
5.869675376892844724e+03
5.950236478005506797e+03
5.846065308085619108e+03
5.866932356526542208e+03
6.022252188336095969e+03
5.928249296510954082e+03
5.876101445284268266e+03
5.955960045148975041e+03
5.848733615379842377e+03
