6.816702558444495480e+03
6.724047935696449713e+03
6.647340082336004343e+03
6.702904679354941436e+03
6.684588431190533811e+03
6.619086741564987278e+03
6.708817828514484972e+03
6.684499328768180931e+03
6.766716001595188573e+03
6.769862754116023098e+03
6.745443061500230215e+03
6.868213353808292595e+03
6.675815588415115599e+03
6.598096458888018788e+03
6.510683843705040999e+03
6.778249561586171694e+03
6.666520791422934963e+03
6.635253911749227882e+03
6.825353255024542705e+03
6.753853713620667804e+03
