6.755624751925417513e+03
6.556974053803371135e+03
6.585892157945711006e+03
6.575177675431194984e+03
6.538444358892354103e+03
6.489870888325054693e+03
6.629952268992334211e+03
6.499131958010179915e+03
6.657004255915155227e+03
6.761312993341514812e+03
6.584815546875154723e+03
6.664930889230769026e+03
6.654281962919469152e+03
6.682840129292413621e+03
6.539143113238103979e+03
6.698984144460551761e+03
6.522692778070414533e+03
6.604366822989398315e+03
6.578276009096353846e+03
6.525571169558481415e+03
