5.918205232689351760e+03
5.692549153927611769e+03
5.896533576480298507e+03
5.843125977708805294e+03
4.457774341179188013e+03
5.793207324625466754e+03
5.967935481711017928e+03
6.014444108685925130e+03
5.857089838468050402e+03
5.797567095624428475e+03
6.060065761968839070e+03
6.034063320420985292e+03
5.886084495780110956e+03
5.863973201407646229e+03
5.923013389383288995e+03
5.026507528739230111e+03
6.056160196938927584e+03
6.049802008101591127e+03
5.881796890379225260e+03
6.030277017648961191e+03
