3.497469653448620647e+03
3.485794647481231550e+03
3.512972967327551942e+03
3.487223379871409634e+03
3.508342660262656409e+03
3.463616822237148881e+03
3.457431167839954014e+03
3.483040552801959620e+03
3.429094186610405359e+03
3.469563332579687994e+03
3.478111042088209160e+03
3.504979250257299100e+03
3.493428572592842102e+03
3.475515645588780444e+03
3.454109417298032895e+03
3.457036604671215173e+03
3.478581064872197658e+03
3.484466091048164344e+03
3.489435303443983230e+03
3.482226713550619934e+03
