2.630718711627590892e+03
3.230475004400526814e+03
3.239258419931964454e+03
1.185516072984077482e+03
1.772928088654879275e+03
3.207135839658777513e+03
1.373621664880916114e+03
2.668495215649852071e+03
3.243176349087925701e+03
3.242907015856910675e+03
1.929500683392937617e+03
1.587793731365600024e+03
3.231610721205452137e+03
1.798205108505147109e+03
3.255241491238358776e+03
2.049680667166187959e+03
1.485947215868617604e+03
3.265820082572908632e+03
3.250953673551576685e+03
3.254612479131023065e+03
