3.200537129548644316e+03
3.205004136906551139e+03
3.317355921816965292e+03
3.390691826887162279e+03
3.305672259064839636e+03
3.231225239773031262e+03
3.187591277700432784e+03
3.239012753592413446e+03
2.052980536023059358e+03
3.413418991377991460e+03
3.131820785430987598e+03
3.221330306594757076e+03
3.323177568985195194e+03
3.238211260580903854e+03
3.368323160377004115e+03
3.238076200154938761e+03
3.297437393819990575e+03
3.273736990390250412e+03
3.215222590685527848e+03
3.213484573410341909e+03
