2.956783449517517965e+03
2.916294005718931203e+03
2.789049508737770338e+03
2.933100763034733063e+03
1.945893825428570835e+03
2.268431138716319310e+03
2.963375302681189623e+03
1.722335665411507307e+03
2.753201261539772531e+03
2.866107699785061868e+03
3.146038610228090420e+03
2.783242201841510905e+03
2.701990532090116176e+03
1.778079191462355993e+03
2.839881597255249744e+03
2.255623047134283297e+03
3.052503287995326446e+03
3.065636576158776734e+03
1.905331725392221415e+03
2.246811411083770963e+03
