3.608046426858288669e+02
5.628635527477096048e+02
3.988771372683316940e+02
4.094776089581282008e+02
3.838672160691684780e+02
4.745708867207395656e+02
4.564130892938708826e+02
3.891907475657340569e+02
3.830766342297260394e+02
4.231260864551478562e+02
3.835923782448850829e+02
3.896400217275025284e+02
5.621307772362047217e+02
5.704439995253421785e+02
3.625154200203696178e+02
5.600728115241588512e+02
3.950204226985379137e+02
4.003973354452378999e+02
3.517302106214747255e+02
5.718003235015443124e+02
