6.273181251822405784e+02
5.251347909340669275e+02
5.931789781271319271e+02
5.948129719208710640e+02
6.249120712321106339e+02
5.423661757659449449e+02
6.040146615854077936e+02
5.317557778306978662e+02
6.059580688090220519e+02
5.542119550221850659e+02
5.349991242886737837e+02
5.876457348981365385e+02
6.039309093568500657e+02
6.120562869064034430e+02
5.343848616764133794e+02
5.410373785890077443e+02
5.888256864587498285e+02
5.686635376459862528e+02
5.345923129110398122e+02
5.597776857847305791e+02
