2.823026639209380392e+03
2.825910674803121310e+03
2.824139892018911723e+03
2.827141370770757931e+03
2.831081831144355874e+03
2.823968157609522223e+03
2.831762188605413030e+03
2.828312004996083033e+03
2.832767728039459598e+03
2.821083260434949807e+03
2.836201291354659134e+03
2.830332646987119006e+03
2.826812600014847703e+03
2.831698818815354571e+03
2.822807828092739783e+03
2.826444141704359481e+03
2.825428484933632262e+03
2.821510348033622904e+03
2.831223645309154108e+03
2.822501105747880501e+03
