6.237379764635489664e+03
6.063422801864376197e+03
1.007470903441951577e+03
5.786392187247197398e+03
6.204028942282552634e+03
6.097597735399396697e+03
6.164938577277314835e+03
1.152488079398774516e+03
6.225409856473455875e+03
5.711799432734623224e+03
6.338020580190763212e+03
6.009000919083232475e+03
5.607885236439417895e+03
3.445149775394248536e+03
6.146062792299844659e+03
6.313263667618067302e+03
5.858783882744886796e+03
6.268924671305039737e+03
6.162694769470302163e+03
1.288384663023137136e+03
