6.726735457632197722e+03
6.692857441572568860e+03
6.648824241508826162e+03
6.638552401061504497e+03
6.757613923656790575e+03
6.652421393635973800e+03
6.561128898049845702e+03
6.801628344583197759e+03
6.705409854228126278e+03
6.927690366159056794e+03
6.536650623469538914e+03
6.569509196661218084e+03
6.884892538924426844e+03
6.753205944526866006e+03
6.912103764743103966e+03
6.726165096073488712e+03
6.806122630286558888e+03
6.664006721412963998e+03
6.912621684858468143e+03
6.837338185422901915e+03
