6.774459886419850591e+03
6.741856627304416179e+03
6.662140260377368577e+03
6.671269717732300705e+03
6.813765718969032605e+03
6.740254865622248872e+03
6.711414741901340676e+03
6.735370577087311176e+03
6.897533792606236602e+03
6.866132262285588695e+03
6.684898621044641004e+03
6.746700089901289175e+03
6.789405923012798667e+03
6.876996084952124875e+03
6.737027517843136593e+03
6.930826562908862797e+03
7.020311192914199637e+03
6.796950167320133914e+03
6.759429356393219678e+03
6.712000377164495148e+03
