7.195829917586070223e+03
6.721139952414773688e+03
7.130321271478167546e+03
7.140917557838671200e+03
7.412599210354962452e+03
7.387876139348511060e+03
7.239453120265122379e+03
7.288733799613364681e+03
7.103794149031422421e+03
7.255056502979637116e+03
7.287465103923696006e+03
7.357697624802354767e+03
7.289493830033970880e+03
7.320873680930524642e+03
7.069461935702149276e+03
7.354434187059042415e+03
7.168020954665360478e+03
6.714364639420050480e+03
7.241843044891842510e+03
7.197884974487467844e+03
