7.400713165008877695e+03
7.459332665118434306e+03
7.396582313935803541e+03
7.475547425217941054e+03
7.494256261224669288e+03
7.350374337374643801e+03
7.570564937709523292e+03
7.402616335905779124e+03
7.411120319327449579e+03
7.191179401359546318e+03
7.450040470963122971e+03
7.548043564040957790e+03
7.475684063437099212e+03
7.378503372808713721e+03
7.287464467671071361e+03
7.348840313615818559e+03
7.478667453333941921e+03
7.436764678003609333e+03
7.564326943181406023e+03
7.247194795645884369e+03
