3.603697156497196374e+03
3.576171413053110427e+03
3.625231048470557653e+03
3.572552136008548587e+03
3.604420151314848681e+03
3.621639271354127231e+03
3.562693245496378950e+03
3.549937257081204280e+03
3.592499199938173660e+03
3.560734489141841550e+03
3.577079883390648774e+03
3.538226713274644680e+03
3.572076634413208012e+03
3.601178539920849289e+03
3.572783952852194943e+03
3.604619105645124819e+03
3.569678166158856129e+03
3.607879708592550742e+03
3.580088238312882822e+03
3.579199398109854428e+03
