3.549420653474538085e+03
3.486548479265357400e+03
3.532512901251992389e+03
3.518140752114090901e+03
3.550041827418243429e+03
3.528967505040559899e+03
3.478255900923398258e+03
3.518047196900658946e+03
3.552162373455161287e+03
3.511495612886037634e+03
3.529179631238427191e+03
3.539770021555333187e+03
3.546672018358422065e+03
3.529467855337466062e+03
3.507233755672342795e+03
3.546863168728392793e+03
3.563333709336339780e+03
3.522520252153100955e+03
3.529632026889882582e+03
3.521789330918443738e+03
