3.176857344076948266e+03
3.161675035061478411e+03
3.212789590887775375e+03
3.180627843290398687e+03
3.124966559850373869e+03
3.187911581970362477e+03
3.116733623315789828e+03
3.184637326271882557e+03
3.162602393283839774e+03
3.109600938804931502e+03
3.154730997728791408e+03
2.893617557790621504e+03
3.190461934635142370e+03
3.149772023488820651e+03
3.151037130914607587e+03
3.215253319950197238e+03
1.549142421957230226e+03
3.166665005533517160e+03
3.233559155542177450e+03
3.164146339101785998e+03
