3.227495428925577926e+03
3.267238848727044115e+03
3.236562789811160656e+03
2.328268339204184485e+03
3.177479042356079844e+03
3.228216596673410095e+03
3.295055032309366652e+03
3.222095191879774575e+03
3.182458854158262966e+03
3.192719733886070571e+03
3.256606439136236986e+03
3.309354393412411810e+03
3.225438286388679444e+03
3.247018181216934863e+03
3.279443444290408024e+03
3.252388654216978466e+03
3.294588668565113949e+03
1.718753326003641178e+03
3.269771002329882322e+03
3.263689436158429999e+03
