3.450283092210162067e+03
2.910788305924009364e+03
3.509074866212911274e+03
3.250857101080539451e+03
2.108835944503086921e+03
3.527101667037555671e+03
2.444183551243338115e+03
3.442512359298318188e+03
3.490485798783907285e+03
3.559738313930572531e+03
2.881388399375800873e+03
3.551183613605464416e+03
2.742102073788031248e+03
3.146323133789662734e+03
1.751643559220108500e+03
3.543539535466291454e+03
3.543258548971207802e+03
2.845826780229358064e+03
2.796313841596642760e+03
1.818407728831311942e+03
