3.614938381891050540e+03
1.534890796759885234e+03
3.649681018182142907e+03
3.618972703858069053e+03
3.616329014999030278e+03
3.600985427803771017e+03
3.611577279534227273e+03
3.668125954386768626e+03
3.607264803648901307e+03
3.623302328443327951e+03
3.649121434108526955e+03
3.582916353807784617e+03
3.611214219307225903e+03
3.605871536502420895e+03
3.606125143423912050e+03
3.515805958720643503e+03
3.603330810459980512e+03
3.618962112536408313e+03
3.620992771203400480e+03
3.614724823386174194e+03
