3.513570954119847556e+03
3.481978294778200961e+03
3.511401054087917601e+03
3.495712117109665542e+03
3.470627005855179050e+03
3.489990064063862974e+03
3.522137201918818846e+03
3.542212595329904616e+03
3.486516547313375213e+03
3.444954346616510975e+03
3.523248915886350460e+03
3.534289585853392055e+03
3.517825082809696596e+03
3.542188868139943224e+03
3.507450749340840503e+03
3.514214078569813864e+03
3.520333295015694603e+03
3.523889655860700259e+03
3.490801402682673142e+03
3.535595169974660166e+03
