3.755500110943138679e+03
2.465581992686080866e+03
3.742362774429546334e+03
2.305442930989158413e+03
2.529907331703662749e+03
3.250887578726542870e+03
2.205172041611338955e+03
3.361911376526678396e+03
3.597791852324223782e+03
1.242989696661707512e+03
3.746167181081536910e+03
1.886974453615457151e+03
3.727271262622522045e+03
3.745435371983731329e+03
3.756436865983666848e+03
2.229686423934875165e+03
2.209824653368324562e+03
1.333097074310463313e+03
2.405152849737458837e+03
4.233250439342862137e+02
