4.042573129485450863e+03
4.216505897542785533e+03
3.980670954548022564e+03
3.939002101221409248e+03
4.200620202858992343e+03
4.273737135995113022e+03
3.994530105751731298e+03
4.099611357678574677e+03
3.894652488340911987e+03
4.133229199765678459e+03
3.960983055736191091e+03
3.976123879854511870e+03
4.146009794321065783e+03
4.190332049160684619e+03
4.139420650497094357e+03
4.156151670867499888e+03
3.954039480140663272e+03
4.025206593303580121e+03
4.151224210307654175e+03
3.873366015593873271e+03
