4.669751890554804049e+03
2.362855978663104906e+03
4.620210206697703143e+03
4.784246728758010249e+03
4.499758671644371134e+03
4.957191773411693248e+03
4.608798807371002113e+03
4.609196659120557342e+03
4.577689838546647479e+03
4.623585321916288194e+03
1.293589307606704324e+03
4.568417765956370204e+03
4.302873232745132555e+03
4.765770263803748094e+03
4.606966504667579102e+03
4.414428482882368371e+03
4.920540016278418989e+03
4.411123445198032641e+03
4.739325201215371635e+03
4.441439915244958684e+03
