1.320873608648206528e+03
5.242528500061844170e+02
6.339850608573085538e+02
1.157015596615121922e+03
2.404813702118684432e+03
5.369501583325494494e+02
8.305914848659317613e+02
1.151192561964334345e+03
1.677499451585446877e+03
5.929953580750465107e+02
1.698495898634005016e+03
1.037851386387760158e+03
7.201244374796656302e+02
1.246428322881307395e+03
1.333091796887683813e+03
2.743448512651531814e+02
3.760266865743996277e+03
1.323374079463294947e+03
9.850306652929218671e+02
2.570912597343708057e+03
