4.897816014671388984e+03
4.947748673057461019e+03
5.167677861729330289e+03
4.937830569878597998e+03
4.822870320658310447e+03
5.211707516346272314e+03
4.867772061832056352e+03
5.061492250009775489e+03
4.975764302435328318e+03
5.059243614599018656e+03
4.928593127499854745e+03
4.891797685147625998e+03
5.047869221194696365e+03
5.009293908395796279e+03
5.057132050158012134e+03
5.189389533320737428e+03
4.993818136198054162e+03
4.784022326891539706e+03
5.318691577330929249e+03
4.907703210132954155e+03
