7.118886415969241170e+02
7.418225976461188793e+02
7.137439580929275280e+02
7.763994314843572511e+02
7.561321095307018822e+02
8.084891032809027820e+02
7.889427683146062691e+02
8.040511538489548684e+02
8.010731697047372108e+02
8.745972386129506049e+02
8.321569979012022031e+02
7.313510085722650729e+02
7.497216181333917575e+02
7.936326474142484813e+02
1.133621471089223633e+03
8.342851184353111194e+02
1.027947110801655299e+03
6.802556041463378733e+02
8.572432690950215601e+02
8.223811331233416695e+02
