8.936238464850983974e+02
6.701658625965171723e+02
6.593052468444612941e+02
1.316778590266666015e+03
9.281599300584869070e+02
8.841357651153035704e+02
9.850864122863445118e+02
9.326458325937441032e+02
1.007995665060590568e+03
9.257100340575690325e+02
9.413833549044941265e+02
6.745727704320794373e+02
9.061589719838893870e+02
6.785415358683541172e+02
9.340775342508140966e+02
6.385518132301409651e+02
9.238634813812087714e+02
8.732115076774489353e+02
9.313954719586407691e+02
8.971049821543269900e+02
