9.094028813732501249e+02
4.544547789241174769e+02
4.530835044342760511e+02
4.453973143401121888e+02
4.592796192677094496e+02
4.672493557532067143e+02
9.263845065502327998e+02
4.683387093814386617e+02
4.558194040489046301e+02
4.580997643978896576e+02
4.594826161058963976e+02
4.596971191459034571e+02
4.488194437234015481e+02
4.537196256764948430e+02
4.464837292635651806e+02
4.547747535948232667e+02
4.553862308400078405e+02
4.492073310112005515e+02
4.596574971183792400e+02
4.498903333197636698e+02
