8.722284642212301833e+02
8.927718191956865894e+02
4.454655664858592559e+02
1.174304418508782192e+03
3.049417992345016046e+03
1.203492092565408711e+03
2.848405248979478984e+03
1.607908276683931263e+03
1.564308953714461040e+03
1.274752505213743461e+03
1.287935719238325873e+03
4.502174044850913788e+02
3.065113148115847252e+03
4.551394356521735176e+02
1.646820149263302255e+03
8.991093822976392858e+02
8.898963021219307166e+02
4.500028687070206956e+02
1.510605880241357227e+03
8.804625300351855230e+02
