5.146054748999135882e+02
5.136570383053955311e+02
4.515336828972722287e+02
3.004574650665655099e+03
5.282159436246521409e+02
5.134323790640081597e+02
2.941035100098431940e+03
5.439693904150479966e+02
5.305330116492411889e+02
7.006941402829124854e+02
6.231317705698600093e+02
1.553705477974502401e+03
5.125803145931222389e+02
2.975534339893027209e+03
4.663050827948277970e+02
5.309577451372647374e+02
5.732971859160433041e+02
6.295911372611046772e+02
4.512584512426752781e+02
4.729339384729498761e+02
