1.201552579868560088e+03
9.855399633417050609e+02
1.966482455577119254e+03
5.807390182112517323e+02
8.182873101168573839e+02
4.667455118905883751e+02
5.174079572315716860e+02
5.253824656285914898e+02
6.869234266735321626e+02
7.618364084554242481e+02
1.147958306502209325e+03
5.247936748687618547e+02
1.827833518916322191e+03
2.418566547016962886e+03
7.106903830655802494e+02
2.818481020491039544e+03
3.074911347764123093e+03
5.408437689226237808e+02
9.271732723178748756e+02
6.100575033507537910e+02
