2.107365447184175082e+03
3.264572628418326985e+03
3.001846743091475673e+03
3.094163240795778620e+03
1.352712066919604013e+03
3.040779148084271583e+03
3.110754297493796457e+03
3.137965815299396127e+03
3.108103656635773859e+03
3.008904039486872534e+03
3.202083278346823590e+03
3.077562325327627150e+03
3.140091291957718113e+03
3.224938542837078330e+03
3.176665673740993952e+03
2.947899102433537792e+03
3.012980319213256280e+03
3.146859307485068257e+03
1.837106959629745006e+03
3.108082740739109340e+03
