1.015024658151898620e+03
1.433734408758231893e+03
1.051438836916761375e+03
5.749518568214867855e+02
8.435042572561159204e+02
2.203595930073107866e+03
1.779199432344168599e+03
3.079431060316650928e+03
8.428169781712579152e+02
1.567837191462517012e+03
2.992938338522319555e+03
7.652183233238031335e+02
1.164592883658439177e+03
1.056926914215927127e+03
2.941291228221270103e+03
2.136970688043580139e+03
1.453072328392992858e+03
2.958353835478123983e+03
1.375679926841507495e+03
2.987335998778391058e+03
