4.936434044619276392e+03
5.016267350659693875e+03
5.230536876567693071e+03
5.222330003305882201e+03
5.289875401803940804e+03
5.366645373156459755e+03
5.023526943988266794e+03
4.882345717133139260e+03
5.300012894777412839e+03
5.144440191609993235e+03
4.992126585735980370e+03
4.748610945552126395e+03
5.318567855302276257e+03
5.310016421055399405e+03
5.253718199666987857e+03
5.270974983252384845e+03
5.091372987652273878e+03
5.133259279239278840e+03
5.128514842873541966e+03
4.855247442087920717e+03
