5.696843362293181599e+03
5.785425153740720816e+03
5.701409074819423950e+03
5.688212491257896545e+03
5.842045979004566107e+03
5.871209926346346037e+03
5.728441382673026965e+03
5.795867035832014153e+03
5.607866551032050666e+03
5.704374444012696586e+03
5.546780900247739737e+03
5.933896529218813157e+03
5.833330932741538163e+03
5.752276674611032831e+03
5.562256110243733929e+03
5.584336027546957666e+03
5.797589888604031330e+03
6.005251597483073056e+03
5.771188074369922106e+03
5.725477786575194841e+03
