4.913745519492041240e+03
5.000170101918142791e+03
5.082082880100121656e+03
5.069254510941192166e+03
4.879790069458567814e+03
5.015592042933923040e+03
4.987394096658690614e+03
9.124510654303322781e+02
5.244653762110928255e+03
5.171000280581571133e+03
5.065503259369867010e+03
4.994454211145059162e+03
5.045687736766537455e+03
5.121233125612976437e+03
5.125612837270046839e+03
5.290877169876108383e+03
5.363883480617782880e+03
3.861137736702665279e+03
5.040075584526326566e+03
5.200998266100604269e+03
