3.346082372719620707e+03
3.372806458919415036e+03
3.371223446531131231e+03
3.365275323439629119e+03
3.363244146627987448e+03
3.378984689434717438e+03
3.389450092890435371e+03
3.379876960720961961e+03
3.365161006075968089e+03
3.377754367574237676e+03
3.378783290913600013e+03
3.373404820286521499e+03
3.372657326049852600e+03
3.383024923732190018e+03
3.389933365518818846e+03
3.361184298063736151e+03
3.378957820519136931e+03
3.392356256818743532e+03
3.379721007175553950e+03
3.333758577656220950e+03
