1.483651854788818355e+03
1.774038338646570082e+03
1.587554241827160922e+03
2.886529913183133431e+03
3.308064539175233222e+03
2.435438154452078379e+03
1.604595778193640626e+03
1.867672120839038826e+03
3.093363249407314925e+03
2.828276239200516102e+03
2.016340864385288796e+03
3.503546852271280841e+03
3.038407665723142145e+03
2.639909149208907365e+03
3.123459626398093405e+03
3.371687027872282215e+03
3.310152447450379896e+03
1.736885031063819270e+03
1.841832349403264516e+03
1.575271220996160537e+03
