2.031243957623816641e+03
3.526947342008797932e+03
3.561442050065766580e+03
3.386658457712446761e+03
1.989066415114723895e+03
3.428929327196077338e+03
1.812781293269325033e+03
1.971646468664476970e+03
1.696765562271090857e+03
3.428386068620600327e+03
3.459864105238284992e+03
1.661919799965742641e+03
3.425569644519320263e+03
1.825785047788348493e+03
1.945271986606584505e+03
1.525294255356026042e+03
1.537226701314552656e+03
1.966326494192641576e+03
3.439799216523573250e+03
3.426484737636505997e+03
