3.067897307861160243e+03
3.090408509272544961e+03
3.090301999085975694e+03
3.063356446938151748e+03
3.091131468215258337e+03
3.080447519055794146e+03
3.081683177903643809e+03
3.091022026162013844e+03
3.088331038932910815e+03
3.088198380555554650e+03
3.071101375402555277e+03
3.071121141364528285e+03
3.093106213211417980e+03
3.091721873369683635e+03
3.088791543912105226e+03
3.092417601991828178e+03
3.085765972692972355e+03
3.086973185208811628e+03
3.072853671224388108e+03
3.075689936124655560e+03
