7.147848022694681276e+03
7.081344924314915261e+03
7.533556430655138684e+03
6.850709603688650532e+03
6.687969044318192573e+03
7.127358761915937976e+03
7.050638873383742975e+03
6.712576293318981698e+03
6.974651374052800747e+03
7.291277054367184064e+03
4.178966336589601269e+03
7.327581515066404791e+03
5.606057238711399805e+03
7.716921079396365712e+03
6.951223052890450163e+03
7.007571851035864711e+03
7.081493114399564547e+03
7.270669637857663474e+03
6.803813249176252612e+03
6.953215985087310401e+03
