7.303573469490537718e+03
7.398256368197297888e+03
7.383410564254143537e+03
4.024861120045436110e+03
7.775300838990087868e+03
7.496660159636043318e+03
6.558533909116947143e+03
7.435634005969102873e+03
7.649197823213192351e+03
7.240457409336325327e+03
7.544662117640725228e+03
3.737160615797380615e+03
7.414463528245551970e+03
7.339383774808996350e+03
7.119127652841907548e+03
6.955238071706163282e+03
7.384250322365498505e+03
7.550595922074613554e+03
7.523926171992990930e+03
7.370793620649322293e+03
