8.082339344563382838e+03
7.370884878624367957e+03
8.074555231879419807e+03
8.252485939388741826e+03
8.300017622203951760e+03
8.242783839703326521e+03
7.813627941761249531e+03
8.456368692307847596e+03
7.965127661957480086e+03
8.216385338048827180e+03
8.341669947603828405e+03
8.180724379982264509e+03
7.898749681090765080e+03
7.997752303630161805e+03
8.229353289007756757e+03
8.362089650599868037e+03
8.063905025258400201e+03
7.535243055188606377e+03
8.139029296920217348e+03
-1.979022743990360880e+02
