8.247464585540988992e+03
8.410322007520493571e+03
8.285025489487252344e+03
8.492227460197944310e+03
8.278692471422500603e+03
8.108942463371732629e+03
8.203357463757251026e+03
8.369094751732309305e+03
8.201804370168985770e+03
8.196389339506355100e+03
7.973338734920153001e+03
8.372450594678128255e+03
8.524837637802702375e+03
8.606175265318863239e+03
8.436383675878207214e+03
8.130252991435729200e+03
8.537415620846859383e+03
8.348919862437485790e+03
8.341004596617132847e+03
8.237238316109491279e+03
