8.772074339611612231e+03
7.177735186743101622e+03
8.234340681935338580e+03
8.758497905743455703e+03
8.453601337129084641e+03
8.538072019872071905e+03
8.532619096310405439e+03
8.102291436901310590e+03
7.548920039238709251e+03
8.629654482854741218e+03
8.165389825635299530e+03
8.402674373605486835e+03
8.551021116822295880e+03
8.342694379962100356e+03
6.774018427285644975e+03
7.868315130662385855e+03
7.802393051310846204e+03
8.595467681885644197e+03
7.631186175841850854e+03
8.382309059460969365e+03
