8.217501248420599950e+03
7.705898994631181267e+03
8.596336532530041950e+03
8.459578796817930197e+03
8.592163355367387339e+03
8.552250077998527559e+03
8.796615335351010799e+03
8.323883150215464411e+03
8.680272344216657075e+03
8.560813351195825817e+03
8.739813607009098632e+03
8.501374487718279852e+03
8.282998438619548324e+03
1.168468267265983741e+03
8.279760106620673469e+03
7.829623833878604273e+03
8.305390343248069257e+03
8.671456923351342994e+03
8.640379403402457683e+03
8.239439763966989631e+03
