1.324426229124243946e+03
9.775795907452178426e+02
1.066580943142863134e+03
1.280650715287554931e+03
9.394002123268718378e+02
1.025234991041426156e+03
1.035387441838638551e+03
7.905352540841338396e+02
1.020204548666491633e+03
8.513314331860628954e+02
9.009808478894641439e+02
9.729673426672586629e+02
9.466404020654975966e+02
8.856503988136853422e+02
1.295368002995594679e+03
9.573121516537970592e+02
8.035637757700662860e+02
1.227212324411347936e+03
1.193759044671033053e+03
1.240073253025749182e+03
