3.555973780101793636e+03
2.227989216776398735e+03
1.397697465146208742e+03
3.588444204292584800e+03
3.600229425560711206e+03
3.520291855456736812e+03
3.501733538955312270e+03
3.583925348799645235e+03
3.534457092260226091e+03
1.034039361943255017e+03
1.733811299127517486e+03
3.559316213563556175e+03
3.583999278817627783e+03
3.526785247873859589e+03
3.514801492935016540e+03
3.344449525235392230e+03
1.113341531812156745e+03
1.813002573380588501e+03
3.086850085070998375e+03
3.521433230720394931e+03
