5.519677681760259475e+03
5.088383724452977731e+03
4.834996715686045718e+03
5.050106763585071349e+03
5.005144577877232223e+03
5.705492099607219643e+03
4.909632438369457304e+03
5.153044763567468181e+03
5.340620593297644518e+03
5.233079861094938678e+03
5.406163032564413697e+03
5.424857752169047671e+03
5.430793781285236037e+03
4.860312738736332903e+03
5.425247212447887250e+03
5.572232600496047780e+03
5.611473234931817387e+03
5.253042350257332146e+03
5.263526736092139799e+03
5.217363474834040971e+03
