5.420594007873468399e+03
5.412482786031627256e+03
5.323769118059040920e+03
5.242013617352634355e+03
5.195097843316838407e+03
5.309169216428067557e+03
5.476852651541462365e+03
5.128863017466564088e+03
5.428394255827133748e+03
5.239656445602711756e+03
5.166236199668956942e+03
5.565140230734021316e+03
5.292914461008518629e+03
5.424350287360256516e+03
5.396282569485726526e+03
4.998862512443566629e+03
5.336963569123577145e+03
5.245799871667161824e+03
5.462788890083994374e+03
3.877504162779212947e+03
