5.064168160285350496e+03
5.297560145094696054e+03
5.497039104218344619e+03
5.241490711958340398e+03
5.286951150872168000e+03
5.289480506522599171e+03
5.338209596340452663e+03
5.242337099271796433e+03
5.575676864998129531e+03
5.437104607159753868e+03
5.658130568155929723e+03
5.657050445382117687e+03
5.282650846096987152e+03
5.552270149461013716e+03
5.517188028397730704e+03
5.500591132333000132e+03
5.366900742638908923e+03
5.386747141791698596e+03
5.150518797757395077e+03
5.327910963196145531e+03
