6.182953016809253313e+03
6.084349244373173860e+03
6.058540832994028278e+03
6.027174049050329813e+03
6.220950787749151459e+03
6.250700748315576675e+03
6.074166989310502686e+03
6.259366157362046579e+03
6.330958051070201691e+03
5.972122065451431808e+03
6.189289083224844944e+03
6.014213791176142877e+03
6.205670156389331169e+03
5.893958735751580207e+03
6.152981081938179159e+03
6.170855977948549480e+03
6.419869657859597282e+03
6.227939366966701527e+03
6.058391140514457220e+03
6.168152496809989316e+03
