5.572010198220009443e+03
5.661233183649072998e+03
5.788624211310813735e+03
5.115427383309785910e+03
5.946966853266175349e+03
5.616962446411394922e+03
2.084390943445268931e+03
6.041410851987647220e+03
5.832309063335826977e+03
5.676809582466041320e+03
5.914197266199327714e+03
5.771186946142725901e+03
5.605404920771869001e+03
5.703105944898930829e+03
5.819635293010407622e+03
3.381189856114722716e+03
3.985419258779324082e+03
5.629064216870838209e+03
5.779317693180149035e+03
5.693595153415682944e+03
