6.828594253389480400e+03
6.665802478536850685e+03
6.859946634658688708e+03
6.817387806030683350e+03
7.017145811883674469e+03
6.916519158293043802e+03
7.056348841124230603e+03
6.783015589528547935e+03
6.986787695163317949e+03
7.119430096042136938e+03
6.898503259863296080e+03
6.933505246232050922e+03
6.821248029469098583e+03
6.794911318179999398e+03
6.314995293081154159e+03
6.835454170170471116e+03
6.876035374314537876e+03
6.772714668601691301e+03
6.806758938123258304e+03
6.651383814273106509e+03
