6.864170762906795062e+03
7.140960197284794049e+03
6.700812082686591566e+03
6.926440025098166188e+03
7.144042345472455054e+03
6.781947930435076159e+03
6.602075214821953523e+03
6.758401614132366376e+03
6.681249112123514351e+03
7.363456911914846387e+03
7.067927832471512374e+03
6.267125124148875329e+03
6.678207125090506452e+03
6.507861614723668026e+03
6.993642873550824334e+03
7.048965529805217557e+03
7.007337903455400010e+03
6.774493238688784913e+03
6.853627579475250059e+03
6.917425033580967465e+03
