2.944789657177221670e+03
3.018595839338422138e+03
3.027055115492136792e+03
2.980145778657662504e+03
2.940232277915304621e+03
3.011860223622554713e+03
3.048545966803118972e+03
3.001657284063137013e+03
2.992799009862287676e+03
2.990471358758206861e+03
3.025564842505668366e+03
2.958245803171887474e+03
3.007674155061712099e+03
1.485686362451125888e+03
2.985286872381921512e+03
2.975420412999485052e+03
2.975524289955721088e+03
2.993417700276916094e+03
2.979732135408702106e+03
2.945940651706124299e+03
