1.929418503179972731e+03
1.133682807268565057e+03
8.518726053331464527e+02
8.663802047640584760e+02
9.618735389096301560e+02
8.835838462462461393e+02
9.285642721900379684e+02
8.904950830587863493e+02
8.954812695492024659e+02
9.414343766146041617e+02
8.442169663902516277e+02
1.471889345231824564e+03
1.145081671833171413e+03
1.643860310203674544e+03
1.418397202755013041e+03
1.595825535586992146e+03
1.166688866445214671e+03
1.012491739790427346e+03
9.363014888724051161e+02
9.862145760954743992e+02
