8.541423944829427910e+02
7.159952001019829595e+02
9.194592736073277592e+02
7.346488905683603434e+02
8.168607301472610516e+02
8.890577341374362277e+02
7.350953838315224402e+02
8.078600183381121269e+02
7.158136935562466761e+02
7.866278427380885887e+02
8.261832549195116826e+02
7.134813668442457129e+02
6.934289272620137581e+02
7.105869195053764997e+02
7.217213748770698203e+02
7.179098301490162157e+02
7.090786987588544434e+02
7.269317140070547794e+02
7.245169890855578387e+02
7.477261505213034525e+02
