3.724014463486757904e+02
3.748037564378597040e+02
3.787256640689623737e+02
3.942169205885941778e+02
3.792864992415105121e+02
3.771161755058056428e+02
3.759065891834457602e+02
3.792964436916390696e+02
3.885097514053466625e+02
3.708656809858848078e+02
3.662568878069378684e+02
3.750982403424109748e+02
3.901453988591456437e+02
3.781108473362832001e+02
3.894102132629271296e+02
3.813034175353023443e+02
3.771532122095002251e+02
3.773506091443843502e+02
3.776004449033738410e+02
3.837794477022364958e+02
