3.948402217039896414e+02
4.599598088409661614e+02
3.875444473744293532e+02
4.094264839455733522e+02
4.494177890299004048e+02
4.238989852281641788e+02
4.082823379443120757e+02
4.080423125454560136e+02
4.266289071787450098e+02
4.205121391042357004e+02
4.374854611393840855e+02
4.239311311007762129e+02
4.079120845833893441e+02
2.732999538612919423e+03
3.727500963402486605e+02
3.978679897602157780e+02
4.429698476050273825e+02
4.145378136477538078e+02
4.033491302978811746e+02
4.177573646993038778e+02
