2.634222265744744618e+03
2.636380023913723562e+03
2.630347635114197601e+03
2.648016220889768192e+03
2.649122861951902905e+03
2.637543599137722140e+03
2.650513498431806511e+03
2.644929766112838479e+03
2.653338787749180028e+03
2.648816594862882994e+03
2.662046750843324844e+03
2.686261909377925804e+03
2.654188815704537774e+03
2.655404213228204753e+03
2.638048662762962067e+03
2.652474805059953269e+03
2.659557746422730816e+03
2.653495761904946448e+03
2.645893261753403749e+03
2.628885162688181026e+03
