6.946311518433958554e+02
6.702687893624440676e+02
7.150020820377338850e+02
7.078256287794456512e+02
6.878092559625066542e+02
6.975163121121012182e+02
6.991772809657835523e+02
6.949950031955123677e+02
6.981114259292855877e+02
6.803838570878724568e+02
7.136005051487007904e+02
7.016276032301299210e+02
6.870553782814666874e+02
6.868080302845194183e+02
6.716796906431003436e+02
6.891745986715627623e+02
6.837009897644135208e+02
6.933426825083108724e+02
7.300577876299330455e+02
6.883702528618196084e+02
