1.040641339830870720e+03
1.608925538938995714e+03
2.296988318667549265e+03
2.798330963613372660e+03
1.048667414249935518e+03
2.018140980523410008e+03
2.377386314146746827e+03
2.727921517116705218e+03
2.100206152646664577e+03
1.136835921290692568e+03
1.706392263640350166e+03
1.142776355149293977e+03
1.071478285091911630e+03
2.062297832017141900e+03
1.189884173229538646e+03
1.626237205408691807e+03
1.647333722312239615e+03
1.078044882190942872e+03
9.120193129287494003e+02
2.595074859183994249e+03
