6.296882929632582091e+03
6.655021931448016403e+03
6.301795810710507794e+03
6.644595822856828818e+03
6.507804525798708710e+03
6.540951499802801663e+03
6.526739964111292466e+03
6.345005133006413416e+03
6.246901381096424302e+03
6.771696228557477298e+03
6.773263411001091299e+03
6.340527667505963109e+03
6.519729114639142608e+03
9.358699506197838218e+02
6.374901055124719278e+03
6.488859019851912308e+03
6.462637015460784824e+03
6.471768392685534309e+03
6.248824337915511933e+03
6.381991630394133608e+03
