1.734323551644712097e+03
2.674817464074837062e+03
3.304065834597409776e+03
3.577249626452532993e+03
1.778852635299521353e+03
2.671867890422746314e+03
2.844265177108000444e+03
1.939700806995065932e+03
3.595598260565653618e+03
1.589872663478915001e+03
3.710743053137189690e+03
3.615444088941622340e+03
3.727151710892910160e+03
2.214123962671539630e+03
2.612276055881388402e+03
2.666713721408378206e+03
3.262496954026757521e+03
2.093160979085197141e+03
3.006134890018773604e+03
1.918730610801578223e+03
