2.005259187551622063e+03
2.150803947408806835e+03
3.836359218401391445e+03
2.155591890530629826e+03
3.857848818879763257e+03
1.581891855371894053e+03
3.895455814211522011e+03
1.735073289303164529e+03
3.850107708003888547e+03
2.724659643199891434e+03
3.849403031874815042e+03
3.856935245218859563e+03
1.839133184130216478e+03
1.718440267653081037e+03
3.855835798998129576e+03
2.016719095808535030e+03
1.955849366654743108e+03
2.159257162112389324e+03
3.842250918178457596e+03
2.257130676943455910e+03
