3.916502760237667644e+03
2.803000806718156127e+03
1.728724496940967356e+03
3.913900130069718671e+03
3.920647634747469056e+03
2.533044003934838202e+03
1.904102128623222143e+03
1.103708450097087734e+03
3.940787465951406375e+03
3.906137401293419771e+03
3.924656736639498831e+03
1.805534773638884644e+03
2.347248833188486969e+03
3.927919285777696587e+03
3.197919298057461219e+03
1.128572682774167333e+03
3.915010913163353052e+03
2.125193313729125293e+03
3.910548269565418650e+03
5.810907524876499792e+02
