3.510590394732294044e+03
3.535484072118294989e+03
3.517903049221453330e+03
3.522522850892162296e+03
3.558881338526248783e+03
3.560723537559054876e+03
3.538262566125582453e+03
3.480843342263185605e+03
3.565252325442404072e+03
3.519725475793316036e+03
3.542990009969464154e+03
3.546854828840830578e+03
1.325546725253506111e+03
3.511796701475864211e+03
3.489391882461981822e+03
3.511620808407520599e+03
3.515801318984631962e+03
3.521452801116905903e+03
3.523443616888017004e+03
3.529472112965212091e+03
