1.081219679394193236e+03
7.640415008472334648e+02
2.893588129826247041e+03
1.084866311352763887e+03
2.512255408992383309e+03
8.908588961692498742e+02
2.883459319538924319e+03
9.111535829403723028e+02
1.037448137242585972e+03
1.078670913740647848e+03
2.367777647847854951e+03
8.938578431055510691e+02
1.113344772753196366e+03
1.093246710717872702e+03
1.057868714687749844e+03
1.308224849300833057e+03
2.821781124674811963e+03
2.903573674035661952e+03
1.089558639519134658e+03
2.842640587361735925e+03
