4.657882327124308404e+02
4.306558296201392295e+02
5.412286106302760800e+02
4.261796463491932059e+02
4.516636585177516849e+02
4.349718554154856065e+02
4.558020073975048376e+02
4.583964165053994293e+02
4.655171644324958038e+02
4.751384381959184680e+02
4.574745379775851006e+02
4.553396452938515040e+02
4.490915454487895886e+02
5.104904567246914553e+02
4.522575787165513361e+02
4.310373786524648949e+02
4.255660840856018012e+02
4.463407334503916672e+02
4.877420532148574921e+02
4.776422000573693367e+02
