2.998285962567414572e+03
3.004413482317404032e+03
3.019928150972888034e+03
2.971640389246514587e+03
3.017870170971666994e+03
2.979203702177071136e+03
2.986114269296612747e+03
3.028575043614062452e+03
3.024201875053633103e+03
2.947260850975162157e+03
2.931268547980778749e+03
2.945465285970557488e+03
3.015190753077521549e+03
3.016443974862947471e+03
3.036363202431764876e+03
2.989874413325705063e+03
2.964825694291034324e+03
2.995527150418335623e+03
3.001791288613739653e+03
3.024783266582557644e+03
