3.049414540330012187e+03
3.064117648186916540e+03
3.032488129866527288e+03
3.057468784481533930e+03
2.997265579458500270e+03
3.073021931776581823e+03
3.091758753695789437e+03
3.030672918396484420e+03
2.979594313910187793e+03
2.974611902192288653e+03
3.049230578153183615e+03
3.017676843632441432e+03
3.042558592529404905e+03
3.050550264465134205e+03
2.994684208409045368e+03
3.064660357671286874e+03
3.050869078487835850e+03
3.050943828582718652e+03
1.422871288803074322e+03
3.052285012861332234e+03
