3.080498550540605720e+03
3.045687315896926066e+03
3.251921634511747015e+03
3.129520656280260937e+03
3.056538809232602489e+03
3.040471445412867070e+03
3.070152450093773496e+03
3.047773196391239253e+03
3.074946932109896807e+03
3.020796987008795440e+03
3.058512842418566379e+03
3.048732467236419325e+03
3.075453922967344170e+03
3.041932433675864104e+03
3.021516122124364756e+03
3.061430169784508053e+03
3.023508866358887644e+03
3.059279548344964951e+03
3.042520968115788037e+03
3.099941404785099621e+03
