9.860183097096827396e+02
9.009855772425697751e+02
9.062353167064146646e+02
9.209050549433488868e+02
9.425586265395329519e+02
9.592934657577441158e+02
9.082162266330265084e+02
9.492169565798657231e+02
9.517482213199797343e+02
9.394652081304185458e+02
9.355277998928710304e+02
9.442583373903513575e+02
1.005842781886451689e+03
1.149922848991687715e+03
9.474357923924210354e+02
9.426129334283539265e+02
9.542423065460702674e+02
9.078341528800776814e+02
9.077614299195946614e+02
9.116244624525469362e+02
