9.642508865603518871e+02
8.924061059543611236e+02
1.937624825524790822e+03
9.808420625913946651e+02
7.279972799801993233e+02
1.305757330516313914e+03
1.182370413822891123e+03
1.198970444679602224e+03
1.476336158296770009e+03
7.899328483056572168e+02
7.486049310123371470e+02
2.658553054126125517e+03
1.890987061690967948e+03
9.516879205129259844e+02
1.464343670312273389e+03
1.433324006526144558e+03
8.910288564365405364e+02
1.652605538051314852e+03
1.421135973530173260e+03
1.370356374475027224e+03
