8.713346556729593431e+02
8.339111155354790981e+02
9.039430834260930396e+02
8.423381177076537369e+02
7.669343498800316183e+02
8.768735468213942568e+02
8.967412085324432383e+02
8.490364493737821476e+02
7.969062879659400096e+02
8.666141450319508976e+02
8.832834911962478373e+02
8.845668303034705104e+02
8.778163285024232891e+02
7.471656551180467432e+02
8.404490184345036141e+02
7.825076400109668384e+02
8.247242358492663925e+02
7.338082185674949187e+02
9.015615749912043384e+02
8.427900888537679975e+02
