2.940896172888255933e+03
2.917637564723404466e+03
2.958839172644967675e+03
2.958396903396610014e+03
3.031143449795549714e+03
2.986107650457262935e+03
2.970170060873458169e+03
2.941885883516803915e+03
3.020798460058921137e+03
2.992370010957781687e+03
2.924705996907470308e+03
3.025354953802861473e+03
2.983045610802776537e+03
3.025696507309040953e+03
3.035930828928777373e+03
2.965127897309949731e+03
2.937707105848796346e+03
2.968920567854733235e+03
2.965368299423712415e+03
3.020898834010667088e+03
