2.479127188873430043e+02
2.424848121957681428e+02
2.353621142102215344e+02
2.332935551709129811e+02
6.295946572635704115e+02
6.741122580381831995e+02
4.362498254486302471e+02
2.572830013758863856e+02
2.441229588825422354e+02
4.415312865493351069e+02
1.007110813910844627e+03
2.467944227148211951e+02
2.503283288179432020e+02
2.437440785275842927e+02
4.506641296903624720e+02
7.432993640263789530e+02
2.501467412948301785e+02
2.319543043154247357e+02
4.637319260663161344e+02
2.350560110332432373e+02
