2.920489821093554838e+03
2.161063168557082463e+03
2.487335844538519041e+02
2.478528453543384558e+02
2.944328377258556429e+03
1.873318227825260919e+03
2.923511009656957867e+03
2.890255241527945145e+03
2.622949505742781753e+02
2.084807930301104534e+03
1.582838661263101130e+03
2.412359710488740632e+02
2.933174208922880553e+03
1.079378740467117723e+03
1.525074278537581222e+03
2.629831463238871265e+02
7.773010598002506413e+02
2.415338133218017163e+02
2.904434679699863409e+03
2.870917760515583723e+03
