2.469401462438506485e+02
2.398376678333927714e+02
2.498102878831705027e+02
4.652878175615973646e+02
2.683017745385162698e+02
2.660627223387533604e+02
2.510778366151293426e+02
2.743156029090277457e+02
4.889479044883613028e+02
2.778276462138339866e+02
2.439313989174223138e+02
2.839717284647912265e+02
5.489481370923956547e+02
3.487366400568267295e+02
2.454817477238942161e+02
3.455141023820671080e+02
2.967328711461302646e+02
2.317096749940917846e+02
2.391736696839404033e+02
2.445003637743166962e+02
