3.446455170950966362e+02
3.449963804649495955e+02
3.587628623998831472e+02
5.006368573722263022e+02
3.711688739745910084e+02
3.626048475821966690e+02
3.508125254035721241e+02
3.045970380175771197e+02
3.379687463840497230e+02
3.481397459284418119e+02
3.587262278901091577e+02
4.560811086990466379e+02
3.571016478950989494e+02
2.531018221241986339e+02
3.534336858388646760e+02
3.363001431929051819e+02
3.467296974280638437e+02
3.479232653587208119e+02
3.408354707036585296e+02
3.432692639813132587e+02
