7.849540216362339606e+02
2.379645857893505649e+02
8.453613891802129956e+02
2.691883415041991725e+02
2.463743389107288806e+02
2.445868517594357741e+02
9.186108926433767010e+02
2.525160585394954751e+02
2.733964618566803892e+02
2.299623038272274584e+02
7.458289157371258398e+02
2.425173344674512066e+02
2.371198087192264552e+02
7.150581870085982246e+02
6.824515595820573708e+02
7.123106317034169024e+02
7.445315535264307982e+02
8.100564389603199515e+02
2.367789559923597267e+02
7.658707521952092065e+02
