7.821258055659066031e+02
7.158337906540342601e+02
9.432763739415015607e+02
2.386819780816700813e+02
2.557922504603833715e+02
8.280848102903487415e+02
7.264483775833549544e+02
2.602802091116406018e+02
4.623685750188689667e+02
1.105642446726858680e+03
6.639969229554484400e+02
2.603271047224061476e+02
2.409877595673326027e+02
2.348936567586719661e+02
2.437194720037668674e+02
2.483366464641049447e+02
7.547075433019283537e+02
1.024261209244763904e+03
7.669010443013563645e+02
2.453296194725710677e+02
