7.041803066273470904e+03
7.044253659558744403e+03
7.135618000271043456e+03
7.290417373451977255e+03
7.005455854184203417e+03
6.923228183638548217e+03
7.191902803671915535e+03
7.284938982008902713e+03
6.697973709938371940e+03
7.186391113209673676e+03
6.851796322475851412e+03
7.238598525568098012e+03
7.050167947272507263e+03
7.177456911496901739e+03
7.137914768250449015e+03
6.774264706988063153e+03
6.805823986426306874e+03
7.026525390747349775e+03
7.335619641199875332e+03
6.471829549476642569e+03
