6.536709400233033193e+03
6.286102902545254437e+03
6.191866979879745486e+03
6.306041956785737966e+03
6.214109593431125177e+03
6.281736266771707051e+03
6.223414190171542941e+03
6.230553919460347970e+03
6.530748498700313576e+03
5.485701971766267889e+03
4.978772737500844414e+03
6.320685015179730726e+03
6.435892045624774255e+03
6.339192749382292277e+03
6.580375949193156885e+03
6.518581018890399719e+03
6.281336263785435222e+03
6.363844970236059453e+03
6.477705100281656087e+03
6.153231130805122120e+03
