1.531459680718895470e+03
1.696126591861861698e+03
1.302267497555205864e+03
1.459311495512876490e+03
1.294414210067927797e+03
1.517417890716502598e+03
1.611497516532735290e+03
1.131253732432171091e+03
1.314725560280331138e+03
8.594576835629261495e+02
1.615237559677081663e+03
1.418179113685000402e+03
2.119472571378739303e+03
1.328429478165134242e+03
1.194541445480667107e+03
1.375032252430787594e+03
1.427330312054450815e+03
1.325716798792443342e+03
1.445160589997889474e+03
1.449733716943463151e+03
