1.304119891225490619e+03
1.332920493447347553e+03
1.317689996952272622e+03
1.438793855546781970e+03
1.286089909401699288e+03
1.336030795731070157e+03
1.321656515139144631e+03
1.185581989348117986e+03
1.332727227481319005e+03
1.289611238352626970e+03
1.283924279301184015e+03
3.550638493378669409e+03
1.424519285374577294e+03
1.412044108050612977e+03
1.830017524586920445e+03
1.284834914391472921e+03
1.258342198416305109e+03
1.370838456185064160e+03
1.314821590547819824e+03
1.295415919517269458e+03
