9.109168100453435954e+02
9.046865171501847271e+02
9.678510145427362659e+02
9.002551075664487144e+02
9.113054014580872035e+02
9.160311529434686690e+02
9.504578790059683797e+02
8.642461912302651399e+02
8.858409766848161553e+02
8.723737106196257400e+02
9.768437832247755068e+02
9.274803241030563186e+02
9.467585158553935116e+02
9.730679356027210360e+02
8.618599140393339439e+02
9.220987291633276755e+02
9.470668209044285959e+02
9.161189702798529879e+02
8.740879829398342054e+02
9.718630732378786661e+02
