5.491621304676594946e+02
5.222503759698635122e+02
4.721371108184548007e+02
5.703361939762964994e+02
5.029078481919564183e+02
4.766639093200071216e+02
5.377957754871374618e+02
5.542847185083800241e+02
5.566759732862794863e+02
5.133781290853595465e+02
5.464729599376640863e+02
5.666631033116577782e+02
5.039365124407109420e+02
5.735487870400656902e+02
5.199165608918792714e+02
5.366107207227211120e+02
5.366043856151264890e+02
5.606548671391705057e+02
5.230933380491541129e+02
5.729696213358477053e+02
