9.572187982322433299e+02
1.110935543362285898e+03
1.027448650994189848e+03
7.487395828384173910e+02
7.919067226040415335e+02
9.956489747809589517e+02
1.017803280490217389e+03
1.010412814347525796e+03
9.676118007488624926e+02
9.433996294002713512e+02
9.661320222887430873e+02
9.905651625759734316e+02
1.028754336772332181e+03
9.557516249795297654e+02
9.816227317501160314e+02
7.361693380344405568e+02
1.008813836423503403e+03
7.418961857895959611e+02
9.586904345165381756e+02
9.837958461124784435e+02
