6.036818702633978546e+02
4.934543048459082115e+02
4.909559021514629649e+02
4.924222068048456435e+02
4.823762412129307222e+02
4.980473298154274744e+02
4.887274569918217253e+02
5.871821839368720930e+02
4.674627597120345399e+02
5.205226403339091803e+02
4.954114462525648719e+02
4.755221089429895756e+02
4.995900081475829779e+02
6.519113519252658762e+02
4.906808537748913750e+02
5.150624320372379543e+02
4.732978726044890436e+02
6.043245128370767816e+02
4.772448798062932269e+02
5.071398912226676430e+02
