1.547415808034707652e+03
1.781313908492151086e+03
2.185823708466806238e+03
1.103374247924204383e+03
2.408034286126105144e+03
2.418117352801399647e+03
1.242753905351414915e+03
1.392666219825913231e+03
1.735744965330865853e+03
1.490058850801829294e+03
2.342181923038280729e+03
3.068691961068803721e+03
1.544759196103895874e+03
1.404082598683737388e+03
1.148949578917381587e+03
2.624231894550312973e+03
2.213042484088641686e+03
9.510263720289751745e+02
1.755234371806701574e+03
1.075729124568361158e+03
