2.200167687778166510e+03
2.805910373253601392e+03
1.555312817558461347e+03
1.149223915625813788e+03
2.675829743846320071e+03
2.486594769495442051e+03
1.060155741155675742e+03
1.508222235577482479e+03
1.787305935854495146e+03
2.464212848786286941e+03
1.953841119023970577e+03
3.032219231283828776e+03
2.329486233393607108e+03
1.506498889610965080e+03
2.620079073388848883e+03
2.674914077038511550e+03
1.931626767757962625e+03
2.660583406471972921e+03
1.666672831867927243e+03
1.308430561763201695e+03
