3.590765790870720139e+03
3.615999542905643011e+03
3.596256696108099277e+03
3.615088385716448556e+03
3.612234526618087784e+03
3.625150474892291186e+03
3.600399395430324148e+03
3.592921178382541711e+03
3.577136166893375048e+03
3.581413235291023284e+03
3.603033401985452656e+03
3.588496488305071125e+03
3.604574908368576871e+03
3.589479292581082973e+03
3.579036284394703671e+03
3.591621970133231571e+03
3.590281302720336498e+03
3.584392911389822530e+03
3.541355098689812166e+03
3.598516813669225030e+03
