3.056519570184686927e+03
3.066780415175684539e+03
3.058511422412944739e+03
2.997208603996275997e+03
3.045372933487811224e+03
2.899691343149375371e+03
3.082663845390787628e+03
3.020540507562421226e+03
3.097136150832050589e+03
3.063822248535294420e+03
2.553973810458612661e+03
3.073446653877238532e+03
2.933605971753912854e+03
3.075842440798441658e+03
2.953968061827024940e+03
3.029122614039804375e+03
3.194957833183442290e+03
3.138434067744176446e+03
2.979051262311131723e+03
2.951169991024887622e+03
