6.460227121776053991e+02
6.583286798679705498e+02
6.044826092093676380e+02
6.595755416359791070e+02
6.368155967783877713e+02
6.443654516554225893e+02
7.384901549572458634e+02
5.982324854795278952e+02
6.699087334748992362e+02
7.486461892798114377e+02
5.978559684071690299e+02
6.785677694198548124e+02
7.762419112840952948e+02
6.146566202341792859e+02
6.840612559856117514e+02
8.122086954750212726e+02
6.797957587764587970e+02
8.236178904511372139e+02
6.189671800702026303e+02
6.973779962749323431e+02
