5.400872463376026644e+02
5.172965417777367065e+02
3.410530794433726101e+02
5.467481321900825151e+02
4.226885879263672336e+02
4.683768705725532868e+02
3.800673368203372888e+02
3.141063837467480653e+02
3.433602793519985426e+02
5.154259932895863585e+02
5.231164936236104950e+02
5.530406509317230075e+02
3.184916875572436084e+02
4.740584687530228507e+02
4.468634879320665050e+02
6.140338897241686027e+02
4.518898231944138502e+02
5.477212176514415205e+02
7.618343180517599649e+02
9.152884431165120986e+02
