1.109387055979148045e+03
1.083019697189848102e+03
1.196206978488805817e+03
2.883123021918539507e+03
1.102262822850764678e+03
2.236569722321562949e+03
2.030795079441236794e+03
2.090169444847754221e+03
1.226556973946689595e+03
1.065242260667602750e+03
1.792905825149872953e+03
1.100584081559260994e+03
1.136228581747316412e+03
5.772139792395735185e+02
2.848810286196479410e+03
1.039406436540302593e+03
1.090283853096625762e+03
2.972897328257381560e+03
1.072973672924602397e+03
1.127918840199936767e+03
