5.308061301097390015e+02
4.927874644809301685e+02
5.482103661173873661e+02
4.862951148124507199e+02
5.562301496421097227e+02
4.716916318654035649e+02
5.129330722046448727e+02
6.446744183879071670e+02
5.160455773343688861e+02
4.486308657358733853e+02
5.037542470791976257e+02
4.946026685820029911e+02
4.995293282548228717e+02
7.780248091779591277e+02
3.846198311232851097e+02
3.849970049187984387e+02
5.646770171613391085e+02
4.527058260393877731e+02
5.120499518312213922e+02
5.224118357325380657e+02
