3.189988164061876887e+03
2.642753146221824409e+03
1.913004260014512965e+03
3.187969864715127187e+03
2.703381023870850186e+03
2.629133271469013835e+03
3.173856378642411073e+03
3.181946107467437741e+03
1.056274199361828551e+03
1.000028026563698063e+03
1.901429282502927890e+03
1.640690912696734131e+03
1.259890142806713811e+03
1.901348258841456072e+03
3.189050721988303849e+03
3.186645134987780239e+03
3.179010276067744599e+03
2.420931141149397263e+03
3.179840130763530851e+03
3.201334352118101833e+03
