2.868742557630479041e+03
2.897263369897092957e+02
9.380478963162181572e+02
1.902040304606819291e+03
2.916852759995625092e+03
2.837716481146813749e+03
2.981259647426625179e+03
2.956818904758449207e+03
1.568446088043744794e+03
2.878802687927014176e+03
1.687954876601995693e+03
2.979365777689411971e+03
2.839267187385540637e+03
1.316588948716287405e+03
2.466647201512428182e+03
1.547693565967558470e+03
2.949390557375490516e+03
2.941463803381234811e+03
2.476550410282652592e+03
2.930850719203455810e+03
