3.181692199497039837e+03
1.336560946849520406e+03
1.833975714928583557e+03
2.820573288342014166e+03
1.102924497796797141e+03
1.621777081495907396e+03
1.423923831176412023e+03
1.344625051085233736e+03
3.157740938700174411e+03
1.155241287210420523e+03
2.634061712787224678e+03
3.146447732514412564e+03
2.037156227595808787e+03
1.411533782193377192e+03
1.219720626512566014e+03
9.387401913837387610e+02
2.330403619684653677e+03
1.757494961313859449e+03
1.340665333390627438e+03
2.226635511869627408e+03
