2.880798276423521202e+03 4.872961667911146719e+02 1.000000000000000000e+03 0.000000000000000000e+00
2.966812887290340768e+03 1.816175570760394180e+02 1.000000000000000000e+03 0.000000000000000000e+00
2.554595326472611305e+03 8.444650737378857457e+02 8.350000000000000000e+02 0.000000000000000000e+00
2.749585949100327525e+03 6.447334797581210069e+02 1.000000000000000000e+03 0.000000000000000000e+00
2.748191711193349875e+03 5.550203997626467753e+02 1.000000000000000000e+03 0.000000000000000000e+00
2.742324640196493874e+03 6.915659472859705375e+02 1.000000000000000000e+03 0.000000000000000000e+00
2.767787238911086661e+03 6.689192033520675977e+02 1.000000000000000000e+03 0.000000000000000000e+00
2.955313747830415195e+03 2.929428114221834107e+02 1.000000000000000000e+03 0.000000000000000000e+00
2.875931314413465770e+03 3.258930593648021841e+02 1.000000000000000000e+03 0.000000000000000000e+00
2.797117076426387030e+03 6.054560653571056719e+02 5.670000000000000000e+02 0.000000000000000000e+00
2.756423359680327394e+03 6.215814003948745494e+02 1.000000000000000000e+03 0.000000000000000000e+00
