2.434664571078122663e+03
7.858411427243710250e+02
1.487721933618961202e+03
2.900226106903537584e+03
1.283374870931746727e+03
1.969719304038376322e+03
1.171131515032889411e+03
3.208200794523194872e+03
1.007914425582318245e+03
1.062791995336602213e+03
8.283987953410987757e+02
1.307024003797825117e+03
5.516156217473251218e+02
1.248587444716800519e+03
1.264838194841277300e+03
1.321620127150929875e+03
7.789956185552827037e+02
4.989878173575025926e+02
5.891298379182750296e+02
8.230788272285072935e+02
