2.283590519446586313e+03
3.044074417762598841e+03
2.563882568326032015e+03
1.731783874716106766e+03
2.983939897356831807e+03
2.906890793039423443e+03
3.135686274356977719e+03
2.992212704666394984e+03
2.939265562316375053e+03
3.084210038588566022e+03
1.168287890053742103e+03
2.941038081114348188e+03
1.757558984727148527e+03
2.979983193445281358e+03
1.211024162391552181e+03
2.919726698678756293e+03
2.988222430425527818e+03
2.960986347311402369e+03
2.836922459506743053e+03
3.176490572748284649e+03
