3.099035912831644964e+03
1.723429723372717945e+03
3.082975650354645495e+03
3.030602142020858082e+03
1.236670495502686208e+03
5.214184146595592892e+02
1.268959083104346973e+03
3.166752844597657258e+03
2.124519145633634253e+03
2.317102965587162544e+03
3.063358073751582651e+03
3.095713989526458590e+03
3.063215628195214776e+03
3.106922604470059014e+03
3.062060345316322127e+03
1.697949072910983887e+03
3.096140398008551074e+03
3.049547497197960183e+03
3.058846389625344727e+03
3.036092964403375845e+03
