5.418696586282875614e+03
5.209506328302939437e+03
4.939998943227173186e+03
5.279585611268248613e+03
5.249440138948831191e+03
5.417603001295190552e+03
4.417983363405508499e+03
5.468508428052771706e+03
5.208710083084219150e+03
5.579115990004168452e+03
5.290879077738513843e+03
5.233544117688999904e+03
5.587817514889471568e+03
5.196097735558130807e+03
4.969054228822770710e+03
4.945029898459238211e+03
5.306667436523330252e+03
5.315386024315997929e+03
5.326921064865841799e+03
1.918225632447976750e+03
