4.931425910234820549e+03
5.178280106413128124e+03
5.821311193319643280e+03
5.369506006217328832e+03
5.546544685608942018e+03
5.345255727476102038e+03
5.368368420611208421e+03
5.450342416017388132e+03
5.239972321505807486e+03
5.570227647231420633e+03
5.476383156840592164e+03
5.609788989730142021e+03
5.540408721448377037e+03
5.533409382080387331e+03
5.514229821878334405e+03
5.421380601395087979e+03
5.564782721573589697e+03
5.644851014812650646e+03
5.673164733354347845e+03
5.367327107613044973e+03
