5.638743194716951621e+03
5.680270891609199680e+03
5.711984127797039946e+03
5.408329901755954779e+03
5.311401334954540289e+03
5.573598999490075585e+03
5.454618049528628035e+03
5.813243524318366326e+03
5.714384782801923393e+03
5.527116672189840756e+03
5.746759810084633500e+03
5.594066643985062910e+03
5.281312062086480182e+03
5.335021257167711155e+03
5.406517577970595084e+03
5.468275571088767720e+03
1.165899739790114609e+03
5.753137887447086541e+03
4.934675245296309640e+02
5.511297960090629203e+03
