3.681981322250983794e+03
1.367673136204052298e+03
3.572050752465693222e+03
1.114664275984867572e+03
1.057623029767654543e+03
3.568584873713702564e+03
3.160709041631956097e+03
2.118092243553294793e+03
3.193512675890999617e+03
1.324012740278446472e+03
1.035731730920336304e+03
3.662530996194896034e+03
1.203133045048029999e+03
2.866559930188489489e+03
1.524580281067613896e+03
8.277627140905827900e+02
1.194331317516223407e+03
3.484133539915730125e+03
3.616986666557633725e+03
2.055517855107880223e+03
