1.205812662311117492e+03
1.246923825772681766e+03
6.684050249922220246e+02
1.171260323218808935e+03
1.266022753062721222e+03
7.175174131785089457e+02
7.878019139160821851e+02
7.149405238462660463e+02
1.506606556522412347e+03
1.010905328277907302e+03
7.013758734020258316e+02
8.387493212192534884e+02
6.429195146479268033e+02
1.113985420924932669e+03
9.313191297563353146e+02
6.489104234809714171e+02
1.302672599655241811e+03
6.524852764427695320e+02
5.587718932669118885e+02
9.215920776969775261e+02
