1.525752006018316933e+03
1.056508773600067570e+03
1.223646606499486779e+03
1.481442125435887419e+03
8.171053040209575329e+02
2.066669475841508756e+03
1.664684398348979585e+03
8.538311877685351874e+02
4.767893798285451226e+02
1.359829175913204836e+03
1.657634167285394142e+03
2.137871520000512646e+03
8.302241018717026009e+02
1.309395864094952003e+03
1.271284491178724693e+03
6.134231769216443126e+02
1.361477286435067526e+03
9.696750609928894846e+02
1.327005322261609763e+03
3.519463985344511912e+02
