9.904844270687540302e+02
8.869489718951469968e+02
7.938818763520425819e+02
6.417677515304192184e+02
1.033378021962698085e+03
8.064283873240519824e+02
1.169938686388008819e+03
7.453274684322494750e+02
7.142121989702333167e+02
1.102855820495885155e+03
9.950058689666967666e+02
7.894241997910216924e+02
7.436358824476127438e+02
8.599293350961545457e+02
1.066057880894811888e+03
6.419481595719656752e+02
7.373129411318540178e+02
8.228388187167197430e+02
9.288245531092785541e+02
9.111346422151245861e+02
