1.153429291406884658e+03
2.440327814475580510e+02
8.005053184336436516e+02
7.859297748402324260e+02
9.610189811956544190e+02
8.338429208542994502e+02
5.750758286396846870e+02
7.191477164491767553e+02
8.396224637625599598e+02
1.947355747321888430e+03
1.087573855801896116e+03
8.217108229531809229e+02
5.602785051194520065e+02
7.522456268640652297e+02
6.935625449644765013e+02
7.307360088044084705e+02
1.237610290530191151e+03
5.699995595901514207e+02
7.429481600756442958e+02
6.393588242067414740e+02
