2.633421487188999777e+02
2.303625083859938911e+02
2.496346115451049741e+02
2.422047730988678040e+02
2.094492495773999678e+02
2.199064770944936527e+02
2.152709636004121023e+02
2.264429518574949611e+02
2.513475636395644983e+02
2.086659373185798643e+02
2.400622734345908782e+02
2.169015010608412979e+02
2.408379541610572119e+02
2.471723422088342375e+02
2.381821112830662059e+02
2.570659384787427371e+02
2.276009330270979945e+02
2.395479267717397818e+02
2.469119647510613618e+02
2.160427447733241877e+02
