4.355123929096356505e+02
4.149611573694301114e+02
4.554669594654395723e+02
3.779892661144555177e+02
3.819046353975612078e+02
4.050035264305819283e+02
3.995449191740303263e+02
4.101393489410257871e+02
4.056203517943750398e+02
4.528839669590453241e+02
3.959497333648845938e+02
4.388564917574236688e+02
3.697154826856129830e+02
3.873725321772632242e+02
4.411773676983514179e+02
4.297347524803511192e+02
4.377985316076490676e+02
4.051397855472007450e+02
3.856376716794129607e+02
3.909828315466032791e+02
