5.710733804504427098e+03
5.015228239657323684e+03
5.734244535040644223e+03
5.731016688601257556e+03
5.511639306424713141e+03
5.538845132282252052e+03
5.648470697698278855e+03
5.555176546759563280e+03
5.514645812436540837e+03
5.341347897066153564e+03
5.790158764699591302e+03
5.510422572520457834e+03
5.425774944332925770e+03
5.603004591206909026e+03
5.554126942030126884e+03
5.571908429514676754e+03
5.417055183657397720e+03
5.052129666594348237e+03
5.386936238496270562e+03
4.536631542362325490e+03
