6.600680531720001454e+03
6.629623777176359908e+03
6.715726687852876239e+03
6.844160044435343480e+03
6.676822352315438366e+03
6.463426226980190222e+03
6.725517442274027417e+03
6.488262369621580547e+03
6.888698409268215073e+03
6.873891131735515955e+03
6.701218949535879801e+03
6.500757105764729204e+03
6.619906194686962408e+03
3.253871213464747143e+03
6.905770679751833086e+03
6.658784620484188054e+03
6.453794366300098773e+03
6.846950759690941595e+03
6.789228387068678785e+03
6.711068735958492653e+03
