6.280178896370638540e+03
6.029953248614727272e+03
6.431071027548908205e+03
6.354838082899789697e+03
6.249430619501619731e+03
6.485653542477684823e+03
6.557381036666699401e+03
6.432246169901880421e+03
6.295477861341727476e+03
6.557474465760352359e+03
6.466977185722073955e+03
6.457678339846240306e+03
6.784426798661010253e+03
6.546372512166960405e+03
6.195146082014637614e+03
6.397127018090506681e+03
6.249833958662280565e+03
6.331402651063711346e+03
6.598276088904219250e+03
6.289833974954395671e+03
