1.630814074577982183e+03
2.557926112972172632e+03
1.917872657378783060e+03
1.074371738492532984e+02
3.326300967265725831e+03
3.406464475898275850e+03
2.894203236961275252e+03
2.794503755071057185e+03
3.264914858646292487e+03
2.018034695433542538e+03
3.273492249019408064e+03
1.627059657296447995e+03
3.230129128953293275e+03
2.634270249057811725e+03
3.262786237983119918e+03
3.088910130934757490e+03
3.402617511056225794e+03
1.799649895313209072e+03
2.838423860857266845e+03
3.272788458691975393e+03
