1.467930599601060067e+03
3.680579856486479457e+03
3.657717134014274507e+03
3.624063878972785915e+03
1.213183530758014285e+03
3.701050538854660772e+03
3.669959569674297654e+03
6.867028873710644348e+02
3.667926254531334962e+03
3.648186199067054986e+03
2.713032228993110948e+03
3.655677887852617914e+03
2.346352228470261252e+03
3.597866549374110036e+03
3.679732704314513285e+03
3.602886983792310730e+03
3.661286668048925094e+03
3.643905787657757173e+03
3.729263431248071356e+03
3.655933536486073990e+03
