3.119027254627184902e+03
1.770906940309482252e+03
3.776946424490027312e+03
3.406528183476850245e+03
3.766304205327980071e+03
3.748338823602444791e+03
3.731116159054851778e+03
2.609198964623399661e+03
1.985500822458358243e+03
3.743816722439035402e+03
1.678981277577526953e+03
3.752996958262785938e+03
1.700479116717536726e+03
3.718693999558592168e+03
1.918958475230957220e+03
3.805358362264167226e+03
1.460917298969269496e+03
2.372610871617925568e+03
1.704198861898280029e+03
1.445536091617143938e+03
