1.524046798613432429e+03
1.469766758160912559e+03
1.675229749357157971e+03
1.445435808028395513e+03
1.214452941529417103e+03
9.472565918002292165e+02
1.334022170484779281e+03
1.581805814236812239e+03
9.736883061747344073e+02
1.404346021488875522e+03
1.141421165453771437e+03
1.081826643770096553e+03
7.963302230874988936e+02
1.145472698946848368e+03
8.491205258557807838e+02
1.300919875730434569e+03
1.642785063868124325e+03
1.397092279256027496e+03
1.843760627390335912e+03
6.487821416033581272e+02
