1.788407494398685458e+03
3.310596063982054602e+03
3.282094909024913704e+03
3.360875797929259079e+03
3.355009128153815709e+03
1.774667455708832449e+03
3.174197457972775283e+03
2.369323577553227096e+03
1.475494282043380963e+03
3.228175222275952365e+03
1.622814098988928663e+03
1.173519020912201995e+03
3.194238353179719070e+03
2.130280082385125297e+03
3.307291033439937564e+03
1.994974500093799861e+03
3.182640027058248961e+03
3.293798201853393039e+03
1.557297905519181768e+03
3.213116120683923782e+03
