6.769075146209784180e+03
6.924759140507329903e+03
7.060416056510253838e+03
6.853546495414013407e+03
7.041663823869177577e+03
6.950575857070682105e+03
6.968572708676550974e+03
7.079595888675743481e+03
6.799571864311128593e+03
7.122558955310159945e+03
6.836229967565536754e+03
7.035259343286591502e+03
6.972134706988818834e+03
6.979314416610144690e+03
7.038866277024199917e+03
6.995479046937625753e+03
6.889384257566625820e+03
7.026812864237185750e+03
6.757591124831397792e+03
7.028207611043224460e+03
