3.020753485505624099e+02
2.006370108637621001e+02
3.384137250114694666e+02
9.503891368618756985e+01
2.377615101725811542e+02
3.214610277470312667e+02
5.258779976156440625e+02
2.025832192198429880e+02
1.122018054429302651e+02
5.899938261995269784e+01
1.562916724125456938e+02
3.518227908049659618e+02
-1.118424299859031521e+02
3.676651458941479405e+02
2.092248259603659051e+02
4.040256263009682129e+02
5.239579724333542572e+02
2.210885589475448967e+02
4.379822738395772035e+02
1.762666519700223944e+02
