7.163441865819688246e+03
7.292325253678697663e+03
7.206163613488581177e+03
7.093699357702464113e+03
7.180419178582919812e+03
7.192241329444108487e+03
7.166968124822898062e+03
7.184314600683978824e+03
7.267724613717061402e+03
7.238740233844161594e+03
7.207404360976231146e+03
7.121643012755155723e+03
7.050636308404168631e+03
7.229315590657673965e+03
7.240491470415896401e+03
7.283684268981583955e+03
7.080255873799037545e+03
7.218315454460380352e+03
7.190586988555613061e+03
7.174688775904020076e+03
