5.637943235086240747e+03
5.700466273150570487e+03
5.525383022898345189e+03
5.542985847987027228e+03
5.687124738682165116e+03
5.506622024379899813e+03
5.702643343908479437e+03
5.886008674671552399e+03
5.627332958986186895e+03
5.626302504275647152e+03
5.529274489986365552e+03
5.857890912281479359e+03
5.821968228918987734e+03
5.907404984324510224e+03
5.711505124710447490e+03
5.572829174613672876e+03
5.668056581393871056e+03
4.068289310411485530e+03
5.516942101898232977e+03
5.881089595235926026e+03
