7.538952195581099659e+03
7.579358263744220494e+03
7.611972312744979718e+03
7.672666952605186452e+03
7.545424231065939239e+03
7.537459182522590709e+03
7.633797807281493988e+03
7.497585614367027119e+03
7.581426071197878628e+03
7.415141117412593303e+03
7.603627417850326310e+03
7.644792667770328080e+03
7.603955714561800050e+03
7.716855933470422315e+03
7.570810718171617737e+03
7.640703381947733760e+03
7.689380186179070733e+03
7.578512220130523929e+03
7.631111339068145753e+03
7.499165728673698140e+03
