6.972545561252220068e+03
6.976948136700600116e+03
6.787033756088625523e+03
6.923571112562363851e+03
6.730896093959446262e+03
6.844065250895522695e+03
6.851282159405035600e+03
6.937818643621121737e+03
7.000270135842132731e+03
6.846636812950810963e+03
6.950261519022041284e+03
6.846085284158048125e+03
6.854225218869694800e+03
6.849815634578360914e+03
7.036463524221722764e+03
6.836611645848081935e+03
6.795594036046166366e+03
6.781770710176393550e+03
6.801641739797689297e+03
6.919608087066555527e+03
