6.753736572367503186e+02
7.161775488511462981e+02
6.877886068328650708e+02
1.146372908950316287e+03
5.123495764438508786e+02
7.048104884281696059e+02
6.369406819368425658e+02
6.113232330571485136e+02
7.328202990666803771e+02
7.469349835928886705e+02
7.333710512509913997e+02
1.123060879316760747e+03
7.128810978267326846e+02
6.527390288258874307e+02
6.944010998406215549e+02
6.821019537524219913e+02
1.787079771743899983e+03
6.629860918610141880e+02
5.310007596457810450e+02
8.495794625572506220e+02
