7.047973363951529109e+02
6.340529809077592063e+02
6.242403359616454281e+02
6.078584982030407673e+02
5.972047409656760237e+02
1.852203884298562343e+03
7.378829381259606635e+02
6.590078285109824492e+02
6.333295009190776454e+02
6.693479578605847564e+02
6.888332724567051173e+02
6.582386127682565302e+02
6.896082711883875618e+02
7.155408537400189743e+02
1.012464009449003925e+03
7.471307265872798098e+02
6.895700802292892604e+02
6.417153286467140560e+02
6.182837867284878257e+02
6.572179153777611873e+02
