3.251462140827535677e+03
3.244198672494879247e+03
3.262202900897967993e+03
3.216161536116755542e+03
3.261375818695227736e+03
3.198267507848925561e+03
3.243683787346855297e+03
3.186539162089309684e+03
3.133505625514894746e+03
3.214527720565039999e+03
3.250183625774051052e+03
3.275443850543625558e+03
3.190000105106788851e+03
3.201819418030968791e+03
3.191604729606538058e+03
3.136269156908341756e+03
3.216789762864688328e+03
3.238645002701732210e+03
3.254997313086268605e+03
3.227923696722760724e+03
