2.140970842466308568e+03
2.018588764516159927e+03
3.312838421197075604e+03
1.262513559153028382e+03
1.060348526614467801e+03
1.139141597811426436e+03
1.970575334353232165e+03
4.020910128283898302e+03
1.995925903012013578e+03
1.814394186104449318e+03
4.394078129262959010e+03
2.335023490723653595e+03
2.341410057998108641e+03
1.037433737209873016e+03
3.809114359755035366e+03
1.401889342835205071e+03
4.954400118519311036e+03
4.939107614959924831e+03
1.618160158966783001e+03
3.951116505744839287e+03
