5.432350722488250540e+03
5.233627192100347202e+03
5.185647054833078073e+03
5.341393642013276803e+03
4.855991239092453725e+03
5.067737014097632709e+03
5.379535739403107982e+03
5.368785877991846064e+03
5.345682372728207156e+03
5.267021899755224695e+03
4.969529647763552930e+03
5.415239652959075102e+03
5.146970050657026150e+03
5.201689558933271655e+03
5.090100141659265319e+03
5.251129128510049668e+03
5.419109818862295469e+03
5.238481563416219615e+03
5.365012117746136028e+03
4.947955764616072884e+03
