5.382761432539530688e+03
5.440890267514312654e+03
2.722968773191823402e+03
5.340190089892569631e+03
5.438417892942472463e+03
5.219644489050901029e+03
5.341642482081516391e+03
5.223614638641959573e+03
5.257589968295078506e+03
5.546006704631745379e+03
5.506282493424980203e+03
5.381447518487941124e+03
5.157506343587272568e+03
5.086153924934297720e+03
5.478006803523136114e+03
5.139432709505736966e+03
5.450995020584352460e+03
5.159666989025893599e+03
5.287948444205504529e+03
5.342264297996102869e+03
