6.441153768329584636e+03
6.436374785891831380e+03
6.667928943685868944e+03
6.608223881689075824e+03
6.653543940950519755e+03
6.549588211274916830e+03
6.672652242079347161e+03
6.535676735012759309e+03
6.488898964885491296e+03
6.725911519952981507e+03
6.380401620628044839e+03
6.708325471719194866e+03
6.621630948491027993e+03
6.493929831765825838e+03
6.651860665112082643e+03
6.524934560880240497e+03
6.506830853926033342e+03
6.613236236696704509e+03
6.690860588128079144e+03
6.482354269318324441e+03
