7.138274128390666192e+03
6.729733937264015367e+03
6.559826178219467693e+03
6.295427905676194314e+03
6.981741596769117677e+03
6.419675913207714984e+03
6.474013012624633120e+03
6.857993055405247105e+03
7.039376595124752384e+03
6.609933770203285349e+03
6.289374496968331187e+03
6.845408961477011871e+03
6.330833812793160178e+03
6.707911545923724589e+03
6.808158830215559647e+03
6.769275133198476397e+03
6.980494475027191584e+03
6.930115390113459398e+03
6.403092424149735052e+03
6.936286845673488642e+03
