6.397006982838344811e+03
6.545393194359959125e+03
6.857328328194322239e+03
6.784814528831007010e+03
6.656476678180949420e+03
6.701006770549012799e+03
6.541736891023120734e+03
6.337304939620367804e+03
6.683052820081140453e+03
6.757057911359055652e+03
6.736862266372686463e+03
6.474310533396453138e+03
6.821478419567432866e+03
6.641057483689137371e+03
6.440122204611800043e+03
6.673158930393246919e+03
6.927549960042915700e+03
6.855899494634477378e+03
6.861065914968283323e+03
6.514105067148613671e+03
