3.316435224709435261e+03
3.225387521818075584e+03
3.232701717171029486e+03
2.579788152826262376e+03
3.222948624203692361e+03
3.243409562538391128e+03
3.230120143854555863e+03
3.237059227359208307e+03
3.299430319129645795e+03
3.247571607782440879e+03
3.238811903479775992e+03
3.232536104583521137e+03
3.246268543573963143e+03
3.223831061190696346e+03
3.236318304098319913e+03
3.234343318659630313e+03
3.230539041763789101e+03
3.248457532839643136e+03
3.226144973387802111e+03
3.217295866387429214e+03
