8.379320911133086156e+02
7.692103566919724926e+02
7.764657746846627333e+02
7.729212410595538358e+02
7.651885543268028869e+02
7.690769729312522713e+02
7.599304361062035014e+02
7.755225229489615231e+02
7.736581745746452725e+02
8.733311977023831787e+02
8.412925228196439775e+02
7.969072722903807744e+02
7.738560926761770133e+02
7.701150942183822963e+02
7.760528189534198873e+02
8.651480209357220019e+02
8.241257350919942155e+02
8.073479996396104070e+02
7.817424403368677304e+02
8.098094260582539619e+02
