3.082647158475002470e+03
3.053920732253816368e+03
3.049811632668029688e+03
3.054312740102304360e+03
3.051848288884029444e+03
3.060896777833450415e+03
3.003541015676597453e+03
3.038752950838415927e+03
3.059998031173058735e+03
3.068485397396256303e+03
3.054264081155492022e+03
3.025006280372362653e+03
3.048217202976535646e+03
3.058548765091720725e+03
3.078736545741558530e+03
3.035767516604314096e+03
3.040804911790643928e+03
3.045860038338469622e+03
3.067366388275116606e+03
3.067438716775302055e+03
