3.123071812043231148e+03
3.123436355499252386e+03
2.277678472819073249e+03
3.119783921584641575e+03
3.106610921866303670e+03
2.516674375648147816e+03
3.111561381003947645e+03
3.125887721690990475e+03
3.108146329479072392e+03
3.084978772596830368e+03
1.951953051375701534e+03
1.468518682886366832e+03
3.114329492477441363e+03
3.120137818631202208e+03
1.401492936825312427e+03
3.088718643655637152e+03
3.208121881552664945e+03
3.136086130504327684e+03
3.218116655202419679e+03
1.884988212452736434e+03
