3.659590569076762677e+03
3.563749901104481978e+03
3.541466482580933643e+03
3.535883836634545332e+03
3.561083485215193832e+03
3.144643929382863007e+03
3.586360938951350818e+03
1.980857216027939785e+03
3.533901053418624997e+03
3.546393049005719604e+03
1.971542036407037585e+03
3.491742836310693292e+03
3.549683282664689159e+03
3.540976198948924321e+03
3.560485568132033222e+03
3.564847422211276353e+03
3.541838867873029812e+03
3.560627209535456132e+03
1.469355833679317129e+03
3.439394468897327442e+03
