3.389846582048748587e+03
2.242841775618796419e+03
3.331407797216759718e+03
2.031669588958564191e+03
1.426036915819960541e+03
2.861002212000587406e+03
2.102551737662251981e+03
3.374358725858568050e+03
1.933559195731725822e+03
1.879722907911305128e+03
2.157863224623364658e+03
1.083566201976461798e+03
3.268126850891122103e+03
3.294879272477450286e+03
1.362267979703020501e+03
1.495942979304144046e+03
3.189255280043144467e+03
2.007849018271687100e+03
1.754894478486584603e+03
1.480967103642031134e+03
