6.159477202571699308e+03
5.968971146213326392e+03
5.633998298713498116e+03
5.985953863374222237e+03
5.790205712379963188e+03
5.807721290422360653e+03
6.070539507396396402e+03
5.817809293007667293e+03
6.016759728282291690e+03
5.822591891197766017e+03
5.901095634923254693e+03
5.829197109051509869e+03
5.771508976463044746e+03
6.006257992007495886e+03
5.865106179237634024e+03
5.890459103174665870e+03
5.946419917870744030e+03
5.889488109740079381e+03
5.834788732580315809e+03
5.873975316859321538e+03
