5.772058866784610473e+03 1.342632303249633026e+02 1.001000000000000000e+03 0.000000000000000000e+00
6.013752675953062862e+03 5.278092032169256527e+02 1.001000000000000000e+03 0.000000000000000000e+00
6.090326814485174509e+03 1.346061811058962121e+02 1.001000000000000000e+03 0.000000000000000000e+00
5.966554497322630596e+03 4.482994437163030170e+02 1.001000000000000000e+03 0.000000000000000000e+00
5.970968051161660696e+03 1.764569388871158253e+02 1.001000000000000000e+03 0.000000000000000000e+00
5.896013152612494196e+03 1.582169427197809171e+02 1.001000000000000000e+03 0.000000000000000000e+00
5.637405814292857031e+03 7.084612703954220478e+02 1.001000000000000000e+03 0.000000000000000000e+00
5.683791499422908601e+03 1.983399863597333024e+02 1.001000000000000000e+03 0.000000000000000000e+00
5.555689149982671552e+03 1.998422555405146284e+02 1.001000000000000000e+03 0.000000000000000000e+00
5.140533939563392778e+03 3.626992853143848379e+02 1.001000000000000000e+03 0.000000000000000000e+00
5.014611633945381982e+03 3.236710934227390908e+02 1.001000000000000000e+03 0.000000000000000000e+00
4.583751691200768619e+03 3.933120058198301763e+02 1.001000000000000000e+03 0.000000000000000000e+00
6.115644378082159164e+03 1.706615580128462284e+02 1.001000000000000000e+03 0.000000000000000000e+00
6.069700567093090285e+03 1.605729559837951399e+02 1.001000000000000000e+03 0.000000000000000000e+00
6.024748916077563081e+03 1.448270728160216265e+02 1.001000000000000000e+03 0.000000000000000000e+00
6.002156477026500397e+03 1.110070044777808675e+02 1.001000000000000000e+03 0.000000000000000000e+00
6.018456184920751184e+03 8.323819408796735786e+01 1.001000000000000000e+03 0.000000000000000000e+00
5.835191149690283055e+03 1.446224225861933519e+02 1.001000000000000000e+03 0.000000000000000000e+00
5.761674308410742015e+03 1.062458096467247657e+02 1.001000000000000000e+03 0.000000000000000000e+00
5.470149166113224055e+03 2.368509632768362394e+02 1.001000000000000000e+03 0.000000000000000000e+00
5.360025133912362435e+03 1.941349872571175297e+02 1.001000000000000000e+03 0.000000000000000000e+00
5.014374366857826317e+03 3.222489068249856246e+02 1.001000000000000000e+03 0.000000000000000000e+00
4.932844091980748999e+03 3.164383749985170766e+02 1.001000000000000000e+03 0.000000000000000000e+00
6.084352636319124940e+03 1.663219575815364237e+02 1.001000000000000000e+03 0.000000000000000000e+00
5.967077794263789656e+03 1.656925494455153398e+02 1.001000000000000000e+03 0.000000000000000000e+00
6.021151684760659919e+03 1.636542511939656492e+02 1.001000000000000000e+03 0.000000000000000000e+00
5.978814550627001154e+03 1.179902659060728354e+02 1.001000000000000000e+03 0.000000000000000000e+00
5.948817831587681212e+03 1.354952560295223236e+02 1.001000000000000000e+03 0.000000000000000000e+00
5.850336831036915100e+03 1.031521002464777297e+02 1.001000000000000000e+03 0.000000000000000000e+00
5.737752718908614952e+03 1.313271263187977240e+02 1.001000000000000000e+03 0.000000000000000000e+00
5.530746471892443878e+03 1.337515363680916494e+02 1.001000000000000000e+03 0.000000000000000000e+00
5.381967483146970153e+03 2.363312361667088624e+02 1.001000000000000000e+03 0.000000000000000000e+00
5.160518430253831866e+03 2.683774373807501661e+02 1.001000000000000000e+03 0.000000000000000000e+00
4.957481213537264011e+03 2.828395688826766445e+02 1.001000000000000000e+03 0.000000000000000000e+00
5.971005767680802819e+03 1.710791924867679370e+02 1.001000000000000000e+03 0.000000000000000000e+00
5.987272979731889791e+03 1.354572764225454762e+02 1.001000000000000000e+03 0.000000000000000000e+00
6.000212275141135251e+03 1.413116503901287047e+02 1.001000000000000000e+03 0.000000000000000000e+00
5.985917531347336080e+03 1.073970528082293612e+02 1.001000000000000000e+03 0.000000000000000000e+00
5.896234937913890462e+03 1.107126182811465895e+02 1.001000000000000000e+03 0.000000000000000000e+00
5.844977085084329701e+03 9.450619000569498951e+01 1.001000000000000000e+03 0.000000000000000000e+00
5.718463840416278799e+03 1.413590762577419468e+02 1.001000000000000000e+03 0.000000000000000000e+00
5.628815348180770343e+03 1.659142463207714400e+02 1.001000000000000000e+03 0.000000000000000000e+00
5.443802164487393384e+03 1.997852040528464670e+02 1.001000000000000000e+03 0.000000000000000000e+00
5.329469062167353513e+03 2.002874587693628428e+02 1.001000000000000000e+03 0.000000000000000000e+00
5.049536566200996276e+03 2.397929320845935308e+02 1.001000000000000000e+03 0.000000000000000000e+00
5.879288259599092271e+03 2.970898068208293239e+02 1.001000000000000000e+03 0.000000000000000000e+00
5.915352427578278366e+03 1.467040016705006451e+02 1.001000000000000000e+03 0.000000000000000000e+00
6.020717733556949497e+03 9.978554017791040565e+01 1.001000000000000000e+03 0.000000000000000000e+00
5.894116250273362311e+03 1.155185555906725199e+02 1.001000000000000000e+03 0.000000000000000000e+00
5.899161626024610996e+03 1.447377295127758714e+02 1.001000000000000000e+03 0.000000000000000000e+00
5.820068739958267543e+03 1.366587365792143487e+02 1.001000000000000000e+03 0.000000000000000000e+00
5.758048266625745782e+03 1.268108230976489637e+02 1.001000000000000000e+03 0.000000000000000000e+00
5.635236558019247241e+03 1.186091780266180677e+02 1.001000000000000000e+03 0.000000000000000000e+00
5.487507707163358646e+03 1.132219112575828461e+02 1.001000000000000000e+03 0.000000000000000000e+00
5.253211657703089259e+03 2.323048740096589597e+02 1.001000000000000000e+03 0.000000000000000000e+00
5.179122527626268493e+03 1.557950107946825540e+02 1.001000000000000000e+03 0.000000000000000000e+00
5.882447568178318761e+03 1.371819621703544669e+02 1.001000000000000000e+03 0.000000000000000000e+00
5.663981088786945293e+03 1.165579811538449121e+03 1.001000000000000000e+03 0.000000000000000000e+00
5.900566088490230868e+03 1.738661243366771600e+02 1.001000000000000000e+03 0.000000000000000000e+00
5.862324603671901059e+03 1.326293402134710107e+02 1.001000000000000000e+03 0.000000000000000000e+00
5.945617467118404420e+03 1.336474282332636108e+02 1.001000000000000000e+03 0.000000000000000000e+00
5.795931686265668759e+03 1.558830387282394554e+02 1.001000000000000000e+03 0.000000000000000000e+00
5.701259732967228047e+03 1.169639288507995758e+02 1.001000000000000000e+03 0.000000000000000000e+00
5.569051098216103128e+03 1.307533262014830484e+02 1.001000000000000000e+03 0.000000000000000000e+00
5.415300156970062744e+03 1.662704569624401358e+02 1.001000000000000000e+03 0.000000000000000000e+00
5.275101208355558811e+03 1.583875327234635506e+02 1.001000000000000000e+03 0.000000000000000000e+00
5.063902811683164146e+03 2.244136170324708814e+02 1.001000000000000000e+03 0.000000000000000000e+00
5.789121298651223697e+03 1.612476845031783910e+02 1.001000000000000000e+03 0.000000000000000000e+00
5.893020449875535633e+03 1.502813494623391364e+02 1.001000000000000000e+03 0.000000000000000000e+00
5.878525797475987019e+03 9.818361743958982402e+01 1.001000000000000000e+03 0.000000000000000000e+00
5.927542056007272549e+03 1.187811402823549400e+02 1.001000000000000000e+03 0.000000000000000000e+00
5.845774410752640506e+03 1.454210505548485060e+02 1.001000000000000000e+03 0.000000000000000000e+00
5.572571737686563210e+03 1.078326989852951101e+03 1.001000000000000000e+03 0.000000000000000000e+00
5.652513991638593325e+03 1.429993950654954347e+02 1.001000000000000000e+03 0.000000000000000000e+00
5.547886734489824448e+03 1.364089289037152923e+02 1.001000000000000000e+03 0.000000000000000000e+00
5.383344089966529282e+03 1.745663577142386771e+02 1.001000000000000000e+03 0.000000000000000000e+00
5.288250657606249661e+03 1.603419015866241182e+02 1.001000000000000000e+03 0.000000000000000000e+00
5.036330834104645874e+03 1.625231563568628133e+02 1.001000000000000000e+03 0.000000000000000000e+00
5.765876527538001938e+03 1.368207853378791299e+02 1.001000000000000000e+03 0.000000000000000000e+00
5.530102567955050290e+03 1.238955377693026776e+03 1.001000000000000000e+03 0.000000000000000000e+00
5.878236349076163606e+03 1.032745189097839784e+02 1.001000000000000000e+03 0.000000000000000000e+00
5.861549149972108353e+03 1.296925330897988431e+02 1.001000000000000000e+03 0.000000000000000000e+00
5.824306431708791024e+03 1.496544758776884976e+02 1.001000000000000000e+03 0.000000000000000000e+00
5.389140779321462105e+03 1.266338764543312664e+03 1.001000000000000000e+03 0.000000000000000000e+00
5.674200701080097133e+03 1.212976116070272354e+02 1.001000000000000000e+03 0.000000000000000000e+00
5.497612926990742380e+03 1.544785410021447660e+02 1.001000000000000000e+03 0.000000000000000000e+00
5.300429826909009535e+03 1.523989070504360654e+02 1.001000000000000000e+03 0.000000000000000000e+00
5.312325768274176880e+03 1.212487262562677017e+02 1.001000000000000000e+03 0.000000000000000000e+00
5.092150769124931685e+03 1.415426817557056722e+02 1.001000000000000000e+03 0.000000000000000000e+00
5.526455764627403369e+03 5.717859003886934488e+02 1.001000000000000000e+03 0.000000000000000000e+00
5.802608463729624418e+03 1.280050851660795104e+02 1.001000000000000000e+03 0.000000000000000000e+00
5.374483400788296422e+03 1.493863454879535993e+03 1.001000000000000000e+03 0.000000000000000000e+00
5.776380481318234160e+03 1.753552697529996465e+02 1.001000000000000000e+03 0.000000000000000000e+00
5.804640473485354960e+03 1.414547923003808876e+02 1.001000000000000000e+03 0.000000000000000000e+00
5.734551845260282789e+03 1.348978616540559869e+02 1.001000000000000000e+03 0.000000000000000000e+00
5.586737038493131877e+03 1.255204786626543694e+02 1.001000000000000000e+03 0.000000000000000000e+00
5.419198030567539718e+03 1.293247101790063596e+02 1.001000000000000000e+03 0.000000000000000000e+00
5.359135961287148348e+03 1.518865059973164477e+02 1.001000000000000000e+03 0.000000000000000000e+00
5.178464868732005925e+03 1.591967152196676238e+02 1.001000000000000000e+03 0.000000000000000000e+00
5.039908592008154301e+03 2.032190786697984493e+02 1.001000000000000000e+03 0.000000000000000000e+00
5.316705201005466733e+03 1.291370164227941359e+03 1.001000000000000000e+03 0.000000000000000000e+00
5.577903733646552610e+03 1.078419765583810658e+03 1.001000000000000000e+03 0.000000000000000000e+00
5.660982605196461009e+03 2.947230813793968878e+02 1.001000000000000000e+03 0.000000000000000000e+00
5.557502240269762297e+03 9.527421012281606636e+02 1.001000000000000000e+03 0.000000000000000000e+00
5.577293677948857294e+03 8.853673667212551663e+02 1.001000000000000000e+03 0.000000000000000000e+00
5.673504891241161204e+03 1.426225023170784993e+02 1.001000000000000000e+03 0.000000000000000000e+00
5.548257633164676918e+03 1.156561232552505203e+02 1.001000000000000000e+03 0.000000000000000000e+00
5.390548788811939630e+03 1.609028016199297042e+02 1.001000000000000000e+03 0.000000000000000000e+00
5.130639889298674461e+03 7.453057613512443140e+02 1.001000000000000000e+03 0.000000000000000000e+00
4.837855571887746919e+03 1.053458721061890174e+03 1.001000000000000000e+03 0.000000000000000000e+00
4.817828335239644730e+03 6.413952286519631798e+02 1.001000000000000000e+03 0.000000000000000000e+00
5.344832532255340993e+03 1.299111946698994871e+03 1.001000000000000000e+03 0.000000000000000000e+00
5.660621794331054843e+03 3.008001435968462260e+02 1.001000000000000000e+03 0.000000000000000000e+00
5.529296955827736383e+03 1.037919595979203677e+03 1.001000000000000000e+03 0.000000000000000000e+00
5.663282188726399909e+03 3.790092966202162756e+02 1.001000000000000000e+03 0.000000000000000000e+00
5.420314964607921866e+03 1.248423157710128635e+03 1.001000000000000000e+03 0.000000000000000000e+00
5.586037366554568507e+03 2.557851739337033337e+02 1.001000000000000000e+03 0.000000000000000000e+00
5.542726491861899376e+03 1.769142614322337579e+02 1.001000000000000000e+03 0.000000000000000000e+00
5.125884407946745341e+03 1.053520734785734476e+03 1.001000000000000000e+03 0.000000000000000000e+00
5.244371017508768091e+03 1.461159199077235940e+02 1.001000000000000000e+03 0.000000000000000000e+00
4.950603867974055902e+03 6.069932695583771647e+02 1.001000000000000000e+03 0.000000000000000000e+00
4.951408078139678764e+03 1.734357721840338797e+02 1.001000000000000000e+03 0.000000000000000000e+00
