5.320895119374072237e+03
5.529614343480148818e+03
5.442819518966343821e+03
5.367253952149412726e+03
5.220953328580960260e+03
5.602420427307818500e+03
5.420964377766299549e+03
5.376538233742703596e+03
4.953469271200895491e+03
4.820862916661807503e+03
5.443185841933197480e+03
5.174363821702309906e+03
5.038968541817798723e+03
5.393344057524714117e+03
5.191652707468795597e+03
5.451247687146717908e+03
5.527720021329313568e+03
5.433290577801351901e+03
5.347135626273335220e+03
5.532680871119079711e+03
