5.382239066847346294e+03
5.596785722906653064e+03
5.652694679499517406e+03
5.466630779596294815e+03
5.481505776589950074e+03
5.827917448681345377e+03
5.748863327769612624e+03
5.573063075409439989e+03
5.587405899932195098e+03
5.303166324326915856e+03
5.394049288195609734e+03
5.530330655042262151e+03
5.632365518969530967e+03
4.859784512547719714e+03
5.730267779582865842e+03
5.194093289116619417e+03
5.653344564947950857e+03
5.014975756490528511e+03
5.391221704766784569e+03
5.382278151045339655e+03
