5.910097200435654486e+03
6.059423101096218488e+03
5.719238952966988109e+03
5.910131714423156154e+03
6.216805127556780462e+03
6.160885331634661270e+03
6.230213564516394399e+03
5.855895201213087603e+03
5.955198775847135948e+03
5.881653432375994271e+03
6.082521968982243379e+03
6.014976191864173416e+03
6.254362255324692342e+03
5.885406878058498478e+03
6.036073604871403404e+03
6.074324257165874769e+03
6.281020996035854296e+03
5.700415136127860933e+03
6.051860468781862437e+03
6.142529535934678279e+03
