5.784817976006634126e+03
6.186689452354088644e+03
6.081154678116618925e+03
5.885896802172865137e+03
5.981061466926697904e+03
6.100757177438823419e+03
5.808118090502977793e+03
5.948920430204198965e+03
5.803592522430511053e+03
6.015633275890253572e+03
5.837916353821210578e+03
5.767874958854547913e+03
5.962975146506087185e+03
5.888198327991672159e+03
5.893430173559471768e+03
5.987754124080830479e+03
5.825744860994146620e+03
5.753880641256468152e+03
6.034459834115034027e+03
6.001964826922292559e+03
