7.758292050544349649e+02
1.174710964981113193e+03
1.569155243146813973e+03
1.391756234093569901e+03
2.542274857796672222e+03
1.106339008635491155e+03
1.278886108498016256e+03
8.114548827677964482e+02
6.554218180127462574e+02
1.592555429589328014e+03
1.644068152794538491e+03
8.924661683002674408e+02
1.595643217914347815e+03
9.067363206446482309e+02
1.526926971684694990e+03
9.878881326619207357e+02
1.152450815531504304e+03
7.916624174967199679e+02
9.411905159568849513e+02
1.759736858680088062e+03
