3.480305310785313850e+03
3.363341458886329747e+03
3.512436840802252391e+03
3.436189519511004619e+03
3.416758754825446431e+03
3.457775784391913021e+03
3.161632564252782231e+03
2.549691342637328034e+03
3.493344894900328200e+03
1.377129277691904463e+03
3.442654924863713859e+03
3.492943956092779899e+03
3.176719277710822098e+03
1.444789193668191956e+03
3.454705147273533839e+03
3.510639594566908727e+03
3.420382247369060678e+03
3.551789345224250155e+03
2.885714552265075667e+02
3.314779184864237777e+03
