2.263835746950077009e+03
8.742153626499182337e+02
1.718248158853319865e+03
1.882256131996761496e+03
1.166064945714119176e+03
1.751673409557153036e+03
1.171516519483311640e+03
1.032842166361996306e+03
8.449174005597570840e+02
1.416190843322107412e+03
1.433202674630716729e+03
1.649881368451982553e+03
1.546938843395675121e+03
2.126999269538644057e+03
1.961533744810771623e+03
1.108557995573355811e+03
1.038117963611843152e+03
1.867260820244918477e+03
2.488534372553443063e+03
2.513247657667301610e+03
