1.557553460919654299e+03
2.858011542032098987e+03
1.500182549044635380e+03
1.683417827854716961e+03
3.517455675534135025e+03
2.573662428779544825e+03
1.911839150942508468e+03
1.977169162916108462e+03
2.204868911716907405e+03
2.029326215430111233e+03
3.000928081275064869e+03
1.354963711873041348e+03
3.016576922261052914e+03
2.243947902908555989e+03
3.482738087985029779e+03
1.710022420879766742e+03
2.324231009312259630e+03
3.478814527324095252e+03
2.645054601707111487e+03
2.674430565540644238e+03
