3.544274479922061801e+03
3.529407076348090413e+03
3.562715622475241616e+03
3.478599560388313876e+03
3.551512358988206415e+03
3.470953256140113353e+03
3.455032089888375594e+03
3.553490218415438449e+03
3.436922405162899395e+03
3.530744409150178399e+03
3.502933869201180642e+03
3.496184734583059708e+03
3.505635829086595550e+03
3.131788524326881088e+03
3.529119736588345859e+03
3.528233129663152795e+03
3.463324492167304470e+03
1.469089435725349404e+03
3.471956167356544483e+03
3.557221237042287612e+03
