1.215674185653009317e+03
9.838533512118153794e+02
2.186751913487082390e+02
1.107952766318008571e+03
2.195966421108246323e+03
1.513788219805083827e+03
1.265732520199110468e+03
8.673283495435001669e+02
1.298847139026191599e+03
7.916367649434928353e+02
1.875814767361773875e+03
1.053159796574454731e+03
9.625619535019430941e+02
1.780529493910175688e+03
1.637423340446802285e+03
1.187946839800036287e+03
9.601723511226548453e+02
9.037056305616721374e+02
8.768289775913214044e+02
9.480714455088725572e+02
