5.665962412866400882e+03
6.020264421785733248e+03
2.498777296483485770e+03
6.108536012284227581e+03
6.073149314620217410e+03
5.877585644712868088e+03
6.099412016828892774e+03
5.990673210928594926e+03
5.891631657980733507e+03
2.844057064505537710e+03
9.398156230260782422e+02
9.795341384255078765e+02
5.864368395825359585e+03
5.996784636916751879e+03
5.833311136150966377e+03
6.097185889387127645e+03
5.017299752764665755e+03
2.707254075645727426e+03
4.699794353240212331e+03
4.529155127913860269e+03
