3.510152667809280047e+03
3.389352522612801749e+03
3.347784284096705960e+03
2.359972750968187484e+03
1.261251547181223714e+03
2.968612929426944902e+03
3.414478463605869820e+03
3.481766122950946738e+03
2.396432927181237119e+03
3.479285484330574945e+03
2.579442083973749050e+03
1.245497271087260515e+03
3.520768913671406608e+03
2.541368721485478090e+03
2.149136200013541838e+03
2.160312771694733328e+03
3.401345722843744170e+03
3.472828158720620195e+03
3.494424992346944236e+03
3.386322092454490303e+03
