5.820044790985469945e+02
5.569047771805746834e+02
5.242734077069858358e+02
4.497518396976316239e+02
4.635136165553830097e+02
4.753892950505912154e+02
4.748755963742665926e+02
4.795853112908483808e+02
4.560086188149010127e+02
4.804399919116109459e+02
5.337139165497999329e+02
5.061278265716637179e+02
4.471769769368702327e+02
4.924872751623919385e+02
4.952009012507888315e+02
5.250943303709773318e+02
5.244310740774666328e+02
5.213302290535702923e+02
6.055963228605493214e+02
5.535563384007360810e+02
