3.497473297223958980e+03
3.491534753378924961e+03
3.514819515725533165e+03
3.490474286404644317e+03
3.495642942673326161e+03
3.519857338351106137e+03
3.500059981462624819e+03
3.497734946199211208e+03
3.461010543814692028e+03
3.529063500347796889e+03
3.506017389659574746e+03
3.492116794162698625e+03
3.505768962926310905e+03
3.436445132302068032e+03
3.522406718280823952e+03
3.521185236903074383e+03
3.540774112343466641e+03
3.478822658308160044e+03
3.484775474065873368e+03
3.552501574958272613e+03
