3.367700309327709419e+03
3.205834670742526214e+03
2.365385591473110253e+03
3.197204803027380422e+03
3.237095280057494620e+03
3.180307036491315102e+03
1.325728071953554718e+03
2.804588843842527240e+03
3.237761480101624784e+03
2.251757726186796845e+03
1.511868236525607699e+03
3.253028323674785042e+03
3.214598054564153699e+03
3.359084263153868960e+03
3.189530656777880267e+03
3.214949432876102946e+03
3.190898712027950296e+03
3.311619684185144706e+03
2.164647108531786671e+03
3.195063250987738684e+03
