1.850251083772283209e+03
2.085651326721694659e+03
2.513915237581266410e+03
3.330857548456998302e+03
1.708556608291053635e+03
2.721414902953288674e+03
3.122460837471517607e+03
2.958357388361268931e+03
3.098256377485435223e+03
3.302106111741678887e+03
1.581058567279944100e+03
1.662259727023213372e+03
2.223114441935033483e+03
2.139298200866575826e+03
2.275254611610520897e+03
2.069897101165898675e+03
1.581287984442874858e+03
2.855696335985651331e+03
3.203027111270961086e+03
1.503414695797263448e+03
