3.512582690661976358e+03
3.540948318075495081e+03
3.514020945105868122e+03
3.544000456106398815e+03
2.497453835474209427e+03
2.534822835720043258e+03
3.542927239139229187e+03
3.574644285547159143e+03
2.027629052619198092e+03
3.314456341528937628e+03
3.586487278424148371e+03
2.024482290730895556e+03
2.226874660153466266e+03
3.583601174524778799e+03
3.538802094973283602e+03
3.557545372450963441e+03
2.650353405560143074e+03
1.364489699562519263e+03
3.618391650468066473e+03
3.570563543106837187e+03
