3.651823083795366529e+03
3.637090700317464780e+03
3.728123856891635114e+03
3.693420551566694940e+03
3.678690699422866601e+03
3.665067882584407471e+03
3.672459833941585202e+03
2.292687210421073814e+03
3.703282230785600404e+03
3.672774502006121111e+03
2.808309118477187894e+03
3.063869959981887405e+03
3.371845019799646252e+03
3.716551441255318423e+03
3.612413839912858293e+03
3.741622589632398103e+03
3.140107964701762285e+03
2.640130534110985081e+03
3.229275337620849314e+03
1.995906761841371917e+03
