3.341123856316087767e+03
1.477502065032902465e+03
1.639792017748357466e+03
3.326749190058676959e+03
1.194510234932000003e+03
3.144546075909037882e+03
1.229252367612258467e+03
2.270602955078943523e+03
1.114816831907187861e+03
1.350123156091974124e+03
3.325182713139779025e+03
3.339297398749597505e+03
1.168073760977187476e+03
1.515867293291884607e+03
1.700043578607988820e+03
1.477028384167744434e+03
1.370204694807298210e+03
1.233436149423458801e+03
9.979773298752110122e+02
3.335929045025172400e+03
