8.908779164719904884e+02
9.190484297765251540e+02
8.830926891631312401e+02
6.760607906514252363e+02
6.738318531633680095e+02
9.251473613615088425e+02
8.595924203659968725e+02
9.553783613215615560e+02
9.721130050075590816e+02
9.570579828681176195e+02
8.050707543838050242e+02
9.196551107961143998e+02
8.382945547856854773e+02
7.958332541776793505e+02
8.130488707092656568e+02
6.856904881566871381e+02
8.045787565074790564e+02
8.461202089762256264e+02
7.955836572015318779e+02
8.968400331642764058e+02
