3.122997835573233260e+03
3.149604041371152107e+03
3.227744738220645104e+03
8.473841307827772198e+02
1.006666035628521172e+03
3.138835970447205455e+03
2.641542966416800937e+03
3.140794289415563526e+03
1.096278963927559062e+03
8.524042857844968921e+02
3.208111256747440166e+03
3.140177845498251372e+03
3.139678104857006929e+03
1.306175999284131649e+03
3.170471746017165515e+03
8.785308701008534626e+02
2.191383571216106247e+03
1.916811310041693332e+03
3.161014846539773316e+03
1.845304805469880193e+03
