3.350896685094082841e+03
2.178819245378617779e+03
2.337923800599964579e+03
3.343474705180168712e+03
1.545604066797978362e+02
1.871146123405422486e+03
2.913812881519305847e+03
1.478448181805344120e+03
1.539617352205642419e+03
1.402245799699030840e+03
3.357665227234496342e+03
3.347333327526061566e+03
3.350531001137994281e+03
1.573515418008199958e+03
2.477092353083652597e+03
1.017390643014385773e+03
2.120267276802054312e+03
1.835495011913401186e+03
1.768832508610280684e+03
1.539927113116861847e+03
