1.366809939403683302e+03
1.187698115370907317e+03
1.412115545347016678e+03
3.022020769653263869e+03
1.149356483464810708e+03
1.672934105403453714e+03
2.808494306559258348e+03
1.451047918000461550e+03
2.027958371687573162e+03
2.393463968416566331e+03
3.130523668998449921e+03
2.333961027223263500e+03
2.165497495216583957e+03
1.926595173124953135e+03
2.064487311545145531e+03
1.588719507133610023e+03
3.256788468210942028e+03
3.140861370900435304e+03
3.322281663314588513e+03
3.123408933947578589e+03
