6.257419153316503071e+03
6.244216541273499388e+03
6.355281317715176556e+03
6.220451022864286642e+03
6.192455263112806279e+03
6.193710150965785942e+03
6.293362896832450133e+03
6.323594286716006536e+03
6.225614335140560797e+03
6.194332445345506130e+03
6.199505729696508752e+03
6.205176123518781424e+03
6.110468119057246440e+03
6.382693454292471870e+03
6.327641978941397610e+03
6.203271874368670979e+03
6.292490105112676247e+03
6.285117567980700187e+03
6.265085751487075868e+03
6.212884466377189710e+03
