6.387581438129105663e+03
6.492858904851522311e+03
6.349933036604371409e+03
6.527152531170223483e+03
6.344774211745520006e+03
6.468516699363815860e+03
6.345893198834105533e+03
6.482953298066468051e+03
6.392864482499624501e+03
6.435282959422436761e+03
6.526385354875684243e+03
6.502364915388770896e+03
6.492636330353076119e+03
6.276456181097901208e+03
6.441973297624732368e+03
6.188468550456122102e+03
6.213428430604312780e+03
6.419355452926683938e+03
6.317456495383567017e+03
6.565183548306245939e+03
