6.218804551028019887e+03
6.286843627568950978e+03
5.990314905726925645e+03
6.200567182224473981e+03
6.141415622264517879e+03
6.216274117197461237e+03
6.104345201261854527e+03
6.196920700049974585e+03
6.197707123160345873e+03
6.243895666624204750e+03
6.247006140849741314e+03
6.495819413276929481e+03
6.175265870804355473e+03
6.306108451719612276e+03
6.321617235428918320e+03
6.280088819336257984e+03
6.275360115822704756e+03
5.955855084949352204e+03
6.266113601736795317e+03
6.373183904826279104e+03
