6.042634436794294743e+03
6.145560810679264250e+03
6.132767024355116519e+03
6.073922245430703697e+03
6.015169815184696745e+03
6.327000556343650715e+03
6.202996712350570306e+03
6.118243558773998302e+03
6.332073718945847759e+03
6.211346931205865985e+03
6.065196601443517466e+03
6.166289274112474232e+03
6.150274675264856342e+03
6.129084975784262497e+03
6.142531642119962271e+03
6.282522786735954469e+03
6.142268287335532477e+03
6.062747608683554063e+03
6.312394096754393104e+03
6.168297382132566781e+03
