5.878215846210682685e+03
5.934097165517034227e+03
5.880988082543867677e+03
5.821996174234314822e+03
5.520896154826832571e+03
6.075071581056783543e+03
5.831777799271507320e+03
5.812440685682755429e+03
5.836316038241781825e+03
5.756012293929487896e+03
5.678176900822470088e+03
5.573136656529723041e+03
5.954982166911734566e+03
5.638721333667635918e+03
5.668231034991085835e+03
5.719492524221061103e+03
5.692661849589326266e+03
5.711023498573649704e+03
5.752646858155357222e+03
5.798507794406707944e+03
