6.140008278132325358e+03
6.149789393661401846e+03
6.250250619082311459e+03
6.152771281110817654e+03
6.233240108914532357e+03
6.219682658914678541e+03
6.299158588612741369e+03
6.258904368720167440e+03
6.265207485455242931e+03
6.155816168557968012e+03
6.140388097321809255e+03
6.245712027614683393e+03
6.137279420668755847e+03
6.191558511430356702e+03
6.263014258545609664e+03
6.310160613340134660e+03
6.288021547940626078e+03
6.275533323673626001e+03
6.234671788123495389e+03
6.210438522295642542e+03
