6.642277589112901296e+03
6.802585989364237321e+03
6.583353667498038703e+03
6.569488841380553822e+03
6.550542235110091497e+03
6.574316058465890819e+03
6.647373254550793717e+03
6.515152532537778825e+03
6.714025526662913762e+03
6.562427203374876626e+03
6.596302040671230316e+03
6.614267234403230759e+03
6.512374541542752013e+03
6.707907674667842912e+03
6.660988561821883195e+03
6.707644375147509891e+03
6.551828949788696264e+03
6.636312717558470467e+03
6.468294399421663911e+03
6.656564866975003497e+03
