6.490619541400065827e+03
6.330913540992060007e+03
6.348556202419246802e+03
6.420408365189819961e+03
6.533700350675894697e+03
6.434931267710273460e+03
6.418036542796304275e+03
6.516237533025569064e+03
6.389112076687363697e+03
6.213363499885841520e+03
6.476539884130810606e+03
6.418054582886942626e+03
6.319851625034958488e+03
6.547398107415176128e+03
6.277610518961513662e+03
6.368295117186760763e+03
6.362105233062979096e+03
6.362356011180543646e+03
6.385386489932303448e+03
6.540601986054988629e+03
