6.743434502543428607e+03
6.779108277789435306e+03
6.763085252315018806e+03
6.723211311619547814e+03
6.757368321079276939e+03
6.778671601284840108e+03
6.796487748302183718e+03
6.806107823202883992e+03
6.706116800179189340e+03
6.814841857633292420e+03
6.687153195432483699e+03
6.755446900320359418e+03
6.730896347210918975e+03
6.790111880485025722e+03
6.677898041206177368e+03
6.540957487135560768e+03
6.814609001605971571e+03
6.797993614393108146e+03
6.729742639562500699e+03
6.798290023606507020e+03
