3.235933210926817537e+03
3.254003160420651056e+03
3.199249164691566875e+03
3.011307181567666703e+03
3.212379724941793938e+03
3.150836077724548431e+03
3.330362544065444581e+03
2.166075457108076989e+02
3.288387629631229174e+03
3.285587161926619046e+03
3.229822207921399695e+03
3.153348487827467125e+03
3.286084291032018427e+03
2.490686351946380000e+03
2.042421757159295112e+03
1.906336128520525563e+03
3.103235778745443440e+03
3.215780327953831602e+03
3.183253936145455100e+03
3.257332529484963743e+03
