9.014305785112866943e+03
8.870648286131239729e+03
8.655018323104026422e+03
5.669206485820392118e+03
7.688745416195056350e+03
8.333751767052921423e+03
8.966518931332680950e+03
8.756727527356570135e+03
8.868877733099709076e+03
9.125926333777289983e+03
1.807360899875987343e+03
9.069559048736276964e+03
6.992785602325648142e+03
8.859170934586592921e+03
9.027945194047379118e+03
8.678827406362401234e+03
8.889372210646301028e+03
8.292573055058512182e+03
9.283740779181876860e+03
8.857640760916865474e+03
