8.878016535179647690e+03
8.891044657317159363e+03
8.715013306628818100e+03
8.945913223367557293e+03
9.209864184169167856e+03
9.010012459344156014e+03
8.697936983771840460e+03
8.849711747916113382e+03
9.059262472206861275e+03
9.062720937756308558e+03
8.897546093886816379e+03
8.890885537210227994e+03
8.090610031874127344e+03
8.948408436740477555e+03
8.939224666057474678e+03
8.861746089108155502e+03
8.699526074501245603e+03
9.015296286764321849e+03
8.635340539502149113e+03
8.891767148204487967e+03
