9.108131538163708683e+03
9.257856276904176411e+03
8.929269157019802151e+03
9.054915063530272164e+03
8.939906884232215816e+03
9.045453470148086126e+03
9.031920406316587105e+03
8.982983585627995126e+03
9.068171578166726249e+03
8.983313866309099467e+03
9.328353230369813900e+03
9.502863714923601947e+03
9.456560644621376923e+03
8.885330455498960873e+03
9.024162469098158908e+03
9.237788502741406774e+03
8.915224995852940992e+03
9.111881923213804839e+03
9.064147688988621667e+03
9.132490421654336387e+03
