6.565792708857541584e+03
6.561947081749929566e+03
6.466160858923578417e+03
6.401778488097818808e+03
6.501017519447133964e+03
6.662067215565169136e+03
6.642765249906694407e+03
6.526635036504990239e+03
6.582057383662811844e+03
6.645295969787031026e+03
6.608587808022075478e+03
6.516152909886298403e+03
6.530081313140408383e+03
6.573033393339134818e+03
6.586712771984758547e+03
6.564558440888931727e+03
6.668266492555382683e+03
6.578193368846805242e+03
6.540539979787572520e+03
6.515204352440749062e+03
