5.421131067901240385e+03
6.120397765557033381e+03
5.943213610313793652e+03
6.115197837315615288e+03
5.788154848119705093e+03
5.715871352835273683e+03
5.609774691331662325e+03
5.942517870379739179e+03
5.616084067786820015e+03
3.515448035351312228e+03
4.861510364682532781e+03
5.885990599631538316e+03
5.666424400253877138e+03
5.582910501583330188e+03
5.083691455342446716e+03
5.329505779943550806e+03
6.004066564779801411e+03
5.911711802166045345e+03
5.989829320002238092e+03
5.521991008628643613e+03
