6.186634096562744162e+03
6.035178714369575573e+03
5.795865161310011899e+03
5.996602747427210488e+03
5.925821772092519495e+03
5.968737217393295396e+03
5.923925925582599120e+03
6.273709662823614963e+03
6.294694772473930243e+03
6.076842644426405968e+03
6.262151509760730733e+03
6.173518342210743867e+03
5.969631545921964971e+03
6.210271792154415380e+03
6.209017365786487062e+03
6.187796636491168101e+03
5.866390379104992462e+03
5.569595642193195090e+03
6.025925645925606659e+03
5.972013773725577266e+03
