5.630509357360185277e+03
5.728123414583543308e+03
5.534047215320990290e+03
5.685597258530385261e+03
5.787444783464948159e+03
5.619823195372966438e+03
5.720498695529506222e+03
5.665710890694836053e+03
5.668098976164776104e+03
5.711591503953965002e+03
5.536619536663520194e+03
5.754866725401308940e+03
5.599189702051817221e+03
1.762138232703788844e+03
5.639098426032036514e+03
5.419248656724424109e+03
5.733637913908780320e+03
5.627500585398169278e+03
5.406271502134452930e+03
5.496021398765706181e+03
