5.947740960494117644e+03
5.712092672487046912e+03
5.986767998940558755e+03
5.843135465866200320e+03
5.824278940782313839e+03
5.858904358256974774e+03
5.721621158147318965e+03
5.915492890360143065e+03
6.004544439136194342e+03
6.065657357856460294e+03
5.900152892494112166e+03
5.913923964401974445e+03
6.103288685732191880e+03
6.082690075442343186e+03
6.080175413551392012e+03
5.996979061779903532e+03
6.089679777215374997e+03
5.928578562410280938e+03
6.000522163858517160e+03
5.988292764860708303e+03
