6.165103212441800679e+03
6.005446752567322619e+03
5.821400814095256464e+03
6.210235579366216371e+03
5.592539697770026578e+03
5.949742685361285112e+03
5.915683419303571100e+03
6.090352213595531794e+03
5.925812107945812386e+03
6.062730130335602553e+03
5.630835915766158905e+03
5.631505987145590552e+03
6.197724699073457487e+03
5.873012852988834311e+03
6.144366460489844940e+03
6.141538754833605708e+03
6.125260837189968697e+03
5.829948187783736103e+03
5.966923646929300048e+03
6.206656869638310127e+03
