6.088494713136552491e+03
5.788799496996089147e+03
5.985407743477386248e+03
5.940807894713295354e+03
5.854041780064655541e+03
5.863799154936053128e+03
6.024422680479689916e+03
6.077236226851362517e+03
6.043160102403253404e+03
6.030811138991353801e+03
5.929188707392780998e+03
6.129547483066794484e+03
6.061378522847480781e+03
6.026950653223731933e+03
5.843771591077473204e+03
5.910291915757034076e+03
6.098558145325619080e+03
6.077426916893551606e+03
5.994865418064222467e+03
5.802087057097260185e+03
