6.170229915245964548e+03
6.037791009151134858e+03
5.995174193697928786e+03
5.932357809205320336e+03
6.019787242915403112e+03
5.855594490280781429e+03
6.097469419994883538e+03
5.957508092493330878e+03
6.057456429860329081e+03
6.065763951597372397e+03
6.039113211830688670e+03
6.143239605379115346e+03
5.973093269537032938e+03
5.845591903964817902e+03
5.893191269558982640e+03
5.941914931426406838e+03
6.050135894938308411e+03
6.145906676821243309e+03
6.095596247897759895e+03
5.902028809680753511e+03
