6.124287750121954559e+03
6.117864240254434662e+03
6.062645937296778357e+03
6.025485837670030378e+03
5.984556411145880702e+03
6.040285201034375859e+03
5.940511779586991906e+03
6.157119964275170787e+03
6.021685969716955697e+03
5.768123263158949158e+03
6.063231576729843255e+03
5.879309843714119779e+03
6.063724385220602016e+03
6.074104334809739157e+03
5.938155762841529395e+03
5.893474172569347502e+03
6.008464624210645525e+03
6.159713718737457384e+03
5.435507938041234411e+03
5.913951023221370633e+03
