3.865299923225661132e+03
3.601531752964534462e+03
3.938778808735646635e+03
3.597759989637352646e+03
4.055796498962155056e+03
3.745914398785354024e+03
4.255488230311368170e+03
4.058002467436703228e+03
3.926375779416913247e+03
4.095347107910607974e+03
4.334375090568307314e+03
4.030868504652024058e+03
4.341095016361219677e+03
3.951878703479376327e+03
3.649775305015595222e+03
3.784778763061513018e+03
3.827755950441464392e+03
4.013824741315737356e+03
3.795261945473273045e+03
3.959839612451305584e+03
