3.099374466063284217e+03
3.256088805117855827e+03
3.237451655201786707e+03
3.102318723475142178e+03
3.241282216523043189e+03
3.295130795749184927e+03
3.238992126277194984e+03
3.076038577553631058e+03
3.198997360767178179e+03
3.306286019896759626e+03
3.329571546159728769e+03
3.287650436944162720e+03
2.979319717230630886e+03
3.305125202868732231e+03
3.283008856240910518e+03
3.366967537448683288e+03
3.067213135876786509e+03
3.345474585019534516e+03
3.363116274030450768e+03
3.310711951466979826e+03
