3.112817983124704824e+03
4.733693096345580670e+03
4.563975022504672779e+03
4.355064751584489386e+03
4.609745921417706086e+03
4.643734130288546112e+03
4.857094043220519779e+03
4.472082782628249333e+03
4.748964495445757166e+03
4.270823146749740772e+03
4.888293051134239249e+03
4.380843880948773403e+03
3.683186097873999188e+03
4.451435239502219702e+03
4.675300215800246406e+03
4.743257753146063806e+03
4.382964880284404899e+03
4.390497690778222932e+03
4.535459897744919544e+03
4.555225775375231933e+03
