3.505797317713355824e+03
1.838319247889111693e+03
3.540838643004137793e+03
1.090104955210969820e+03
2.555837708993250999e+03
2.881899250776366898e+03
2.566563898955274908e+03
2.083578425418716961e+03
2.132574227178582987e+03
3.515589342032676086e+03
3.521927845619441541e+03
2.365399544840528961e+03
3.521157587609670827e+03
2.311902433627825303e+03
3.674215261338715663e+03
1.289949557440229682e+03
1.989299277791987379e+03
3.509167732457487546e+03
3.557991059069605399e+03
3.494339058242878309e+03
