2.196443938352530949e+03
2.206803958001024512e+03
2.230394240593489030e+03
2.221819466269067107e+03
2.219924727526397874e+03
2.236230993765753283e+03
2.226943460485436390e+03
2.274318201163765934e+03
2.231747300218699820e+03
2.192131993722765401e+03
2.272241182100924561e+03
2.242341086061637270e+03
2.270875325117362536e+03
2.248575731336015451e+03
2.184575092901795415e+03
2.213569114730083584e+03
2.233576381594415125e+03
2.246422611741930268e+03
2.248190973019960893e+03
2.224885796881856550e+03
