2.806646964847845084e+03
1.648275155882848594e+03
1.166449881863301243e+03
3.188230480772501778e+03
1.683790716232672139e+03
1.268434761892579445e+03
2.773703714214478623e+03
2.086726012465055646e+03
2.585798584195048875e+02
1.094757308657605336e+03
9.931382447323212546e+02
9.540459957431743305e+02
1.424041262581672299e+03
1.198770977026742685e+03
8.685070190610094869e+02
2.763629920573222080e+03
2.371390626048159447e+03
1.720701865623373578e+03
1.293889204207315970e+03
2.861306470904126854e+03
