1.295402775352686149e+03
1.090951891187468618e+03
1.098342294943856359e+03
1.312257496188984078e+03
1.330338892661489808e+03
1.016109775173755111e+03
8.482274179728220815e+02
1.328345873097668118e+03
1.126354231244897164e+03
8.118500878692335618e+02
1.316025963598415501e+03
1.838127125771419060e+03
1.084279631564739020e+03
7.815574280479745539e+02
1.284196419951878624e+03
1.337227287554560917e+03
6.844778522479838330e+02
1.271538800113617981e+03
8.736578313213639149e+02
8.384764055187835083e+02
