8.822170215091454111e+02
1.282222890349547470e+03
1.207526439393596092e+03
1.701389197409828967e+03
8.799674979097167125e+02
3.066633896966002339e+03
1.801192811233772090e+03
5.801842896684682955e+02
5.540986679551956513e+02
3.353007700491925789e+03
1.704913220384821670e+03
1.829807974862485707e+03
3.451636621770765032e+03
1.449667574304452273e+03
1.827114697576389972e+03
1.311468604274792369e+03
9.425255035829723056e+02
8.376437720424978579e+02
1.831463104851525941e+03
1.163539872550981272e+03
