1.056495331066021890e+03
1.218578359302020317e+03
1.056314016008105682e+03
7.831232845603898340e+02
8.017435343364985556e+02
1.070269178487419822e+03
8.640730599100992322e+02
1.068740228363863480e+03
1.095727375216472410e+03
1.339124448707023021e+03
1.044186260820150892e+03
1.075682472121113506e+03
9.420583113224612362e+02
8.204948082720586626e+02
8.608356018633129452e+02
1.084603029898509249e+03
1.069225210762760071e+03
8.011003658829881715e+02
1.074671509882290820e+03
9.699175602193822670e+02
