9.438437776289703152e+02
8.058596514053315332e+02
8.821296659476620334e+02
7.655714456199725646e+02
8.677373540617627441e+02
6.770671532675424942e+02
7.760657708646427864e+02
9.748842134247138347e+02
7.926762933938376818e+02
1.008303151985185877e+03
1.243939503928435897e+03
1.053758425354111750e+03
6.892157876488223565e+02
7.493023748776346338e+02
7.513106865006794806e+02
7.776651708662473084e+02
8.735229916231710376e+02
9.104692813156259490e+02
1.058043173097371664e+03
8.541969072997898138e+02
