3.109005937390826602e+03
3.142383169115277724e+03
3.138086149592337279e+03
3.165816549718062561e+03
3.129146768215165139e+03
3.155527937762332385e+03
3.165167107052115625e+03
3.159997474654076996e+03
3.147338329459023953e+03
3.162634940895693944e+03
3.184956566725997163e+03
3.171509859219246664e+03
3.179583689417138885e+03
3.173353350977280115e+03
3.150363632774337475e+03
3.143285771261086211e+03
3.127431172630288074e+03
3.162788530868571797e+03
3.160446501510120470e+03
3.138017101923663176e+03
