7.413498020183138578e+03
7.230033450329915468e+03
7.473611793449316792e+03
7.223305528605886138e+03
7.572579303843340313e+03
7.519731914829450034e+03
7.282923496152964617e+03
7.573183170187419819e+03
7.418046460131180538e+03
7.263864140018711623e+03
7.694598324320884785e+03
7.367859817191215370e+03
7.343017547908220877e+03
7.601886096990047918e+03
7.349492265310469520e+03
7.320667375562280540e+03
7.769287162876053117e+03
7.553608801039925311e+03
7.032002028589029578e+03
7.314648580250789564e+03
