5.931585476493452916e+03
5.826431130047351871e+03
6.310567849436252800e+03
4.589850373620432038e+03
6.341887803886068468e+03
5.520361298102871842e+03
6.102672344744616566e+03
5.528318911925919565e+03
4.729691587430916115e+03
3.682028006947400172e+03
2.571897034153491404e+03
5.801032958600289930e+03
6.116402670887453496e+03
6.129763330891302758e+03
6.230629043765450660e+03
6.358027564073770009e+03
4.919794047578406207e+03
6.220808315162741565e+03
6.525368661814203733e+03
5.436857480880357798e+03
