7.251370625721402803e+02
6.373099117176269601e+02
4.931405964727136393e+02
1.246263958489306788e+03
1.130632224434361433e+03
9.288567925310317150e+02
4.310045679095115929e+02
6.005669760031537407e+02
7.033400174620736607e+02
7.436598906627915540e+02
1.058801989141486274e+03
5.707992108099772395e+02
1.368429045727881430e+03
8.055604429537988835e+02
5.296608816402822413e+02
7.437086879662349475e+02
7.243551923625869904e+02
5.089789713358747463e+02
5.705093285269279022e+02
8.559178147020207916e+02
