1.611514268972540549e+03
2.962611659424413119e+03
9.930406335823296331e+02
1.524273515823753314e+03
1.069960947380189282e+03
2.618676462522073052e+03
2.955200384535621197e+03
9.339927053093279028e+02
2.862940479976441111e+03
2.958877287111144142e+03
2.975312644659798025e+03
1.178669191699829526e+03
2.441720786826993390e+03
3.005284476497476589e+03
2.967784536751930318e+03
1.388931306645451059e+03
1.789069289885790340e+03
3.016876104626133383e+03
2.989178032177987006e+03
7.701937386214526668e+02
