1.330804689749121962e+03
1.129414693990315300e+03
9.127019697733609291e+02
1.071968334742058460e+03
9.790145460501337311e+02
1.217474068458745933e+03
1.083951056294491309e+03
7.087749287710979615e+02
8.933344705596806534e+02
7.416101246820350070e+02
8.061448565690286614e+02
7.050975598845730019e+02
2.449293582834691733e+03
1.083514006047655812e+03
8.939493728515451494e+02
8.129594012764781610e+02
8.835959350648707868e+02
7.798941764382846031e+02
9.258710967247400276e+02
8.963915878161953970e+02
