3.084950479261201963e+03
3.193812266133385492e+03
3.296310297031817754e+03
3.199039367490262521e+03
3.151139658065015283e+03
1.896438259322287195e+03
3.158546171898104149e+03
3.370884171889916161e+03
3.154151163291915964e+03
3.188568303697884858e+03
3.079027719326300485e+03
3.209014463842561327e+03
3.242973017485439868e+03
3.148438212585185283e+03
4.735483557355543098e+02
3.173658564380791177e+03
3.194595845973879477e+03
3.177260986415713887e+03
3.065336385925446393e+03
3.340327412752508280e+03
