1.109634590782261284e+03
1.060035213059942180e+03
1.106586661611414911e+03
1.688850071447710889e+03
1.061512895033135010e+03
1.205675032641162716e+03
2.342548042012222140e+03
1.235853204252534397e+03
1.306359916040662256e+03
1.208366231222817760e+03
9.895292216378775265e+02
2.602432679380972786e+03
7.958247406245973252e+02
8.323613728534719485e+02
1.317014648521090749e+03
1.439283379971564500e+03
1.077406620735096112e+03
1.454040843641075753e+03
1.375971527602073593e+03
1.060991170073667035e+03
