3.445350037544033512e+03
3.297970286838766242e+03
1.474746260805480688e+03
9.610771751708908823e+02
2.919013182669619937e+02
3.294548341500223160e+03
6.849622336699740117e+02
3.396723181674344232e+03
1.519778051482276396e+03
3.316197025412209314e+03
2.367521628295786741e+03
2.589576511815254435e+03
3.278471313580943843e+03
3.259325611531196955e+03
3.272998196004486999e+03
1.445555469193271620e+03
1.765461492988515602e+03
2.150404828141210601e+03
3.237459306396963711e+03
5.742302731216300344e+02
