4.245643942305304108e+02
5.095711354751343833e+02
5.556603521752334700e+02
3.469439785165064905e+02
5.109657920600726015e+02
3.752642832830971997e+02
5.196614560132555880e+02
2.137134806693910889e+02
5.120485707530408490e+02
5.257643409273606494e+02
4.066419305092265972e+02
5.512566750262096775e+02
5.148572098894023839e+02
4.400713995585507519e+02
3.005462760165324312e+02
3.713914874158667772e+02
4.771021597427034635e+02
5.648420841827700087e+02
1.890437178904578843e+02
5.283168434599687089e+02
