5.864986324826493728e+03
6.024623794253319829e+03
5.844801317610604201e+03
6.132212970168271568e+03
5.968468159574036690e+03
3.226971823115165989e+03
2.207587571692694837e+03
5.092364601561156633e+03
4.257190012981548534e+03
3.451230659329992704e+03
8.188283887138140926e+02
4.550432635025410491e+03
5.945074081276300149e+02
7.552913097241124660e+02
4.463899048270671301e+03
4.214030666392714011e+03
1.253033332990385816e+03
2.399503174934436629e+03
4.950162494184829484e+03
3.829943984113327133e+03
