6.769617226326285163e+03
6.714697243090714437e+03
6.936350252198625640e+03
6.635562700571245841e+03
6.448843884411565341e+03
6.682767216567272044e+03
6.625572525231673353e+03
6.406448454362478515e+03
6.842802804324444878e+03
6.795913101774253846e+03
6.722518249044767799e+03
5.421136439040253208e+03
6.607274301427780301e+03
6.668707200290452420e+03
5.946846849020155787e+03
6.819663235888351664e+03
6.433555647693035098e+03
6.548848654873861960e+03
6.655152025805039557e+03
6.824632502849773118e+03
