6.435444506854630163e+03
6.358683359810752336e+03
6.656480033966472547e+03
6.613831408957630629e+03
6.714623346694480460e+03
6.672999626530629030e+03
6.704912227223851005e+03
2.269032131235869201e+03
6.682242396028300391e+03
6.636352093836825588e+03
6.593978753412950937e+03
6.582546149167609656e+03
6.695120246773746658e+03
6.856740496607925706e+03
6.771391546885150092e+03
6.554680691001187370e+03
6.324274218721069701e+03
6.850980515269641728e+03
6.076090362655562785e+03
6.570112817667430136e+03
