6.216874739834488537e+03
6.351318936881631998e+03
5.666835886914322145e+03
6.116721733304601912e+03
6.197022958771906815e+03
5.374076855776536831e+03
6.134490516738957012e+03
6.243340278836612924e+03
5.245952911095658237e+03
6.158475773756047602e+03
6.558419862169866065e+03
6.239921247863516328e+03
6.291110837327251829e+03
6.504203699820836846e+03
6.288667606851431628e+03
5.840347906929659075e+03
6.424389035091413461e+03
6.384538029732591895e+03
6.344327433675865905e+03
6.332083112722583792e+03
