6.270291738679289665e+03
6.361754326188603045e+03
6.329009538899050540e+02
6.366598560648820239e+03
6.438357818963410864e+03
6.755203815012218001e+03
6.585815456482499940e+03
6.656693815186108623e+03
6.099034141553563131e+03
6.491991177316903304e+03
6.732665466805974575e+03
6.500422580167327396e+03
6.188576464388227578e+03
6.357206538049695155e+03
6.875162329968895392e+03
6.469057645931043226e+03
6.382586420444408759e+03
6.604417487386321227e+03
6.324669986377335590e+03
6.470613451921391061e+03
