6.025047798783139115e+03
5.977783194347486642e+03
4.993108227148020887e+03
6.469591076649717252e+03
6.449314375767417914e+03
6.413901117967739083e+03
6.372762276908712920e+03
6.124655832389102216e+03
5.238396091001365676e+03
5.248267061942726286e+03
6.250275948985068680e+03
6.583690896281557798e+03
6.491258293471471006e+03
5.904941167027275696e+03
6.438752664878794349e+03
6.559667106163398785e+03
5.458312061453733804e+03
6.578244299734003107e+03
6.398564771599335472e+03
5.810896271078127029e+03
