5.696670698506587769e+02
5.956426598428979560e+02
5.529412160951823125e+02
5.843913104376981664e+02
5.749413663104962779e+02
5.729612829417141029e+02
6.770903472743531211e+02
4.889895229010396065e+02
6.610352871552864826e+02
5.815116629713336351e+02
5.526659747819677477e+02
7.084117112051601453e+02
5.916963355362382799e+02
5.932216162082734172e+02
5.780314065798829688e+02
5.617947028412203281e+02
6.839030938371728325e+02
8.123962261423234850e+02
5.640119874312174488e+02
6.132842360599464655e+02
