3.029030664787036130e+03
3.017484302374981780e+03
3.052854780504193968e+03
3.045687944188190158e+03
3.044653566186761054e+03
3.071700452924634646e+03
3.003388730438970015e+03
3.026144027163015380e+03
2.628747151525434674e+03
2.428651764356890453e+03
3.046838970301415884e+03
1.580690407204604753e+03
3.070561281266173410e+03
3.034649687884778359e+03
3.055434235795570658e+03
3.004124950391260882e+03
3.041899259683495075e+03
2.654002473239840583e+03
3.025669559521293195e+03
3.013732837491194005e+03
