1.221087509622671632e+03
1.899317184870060373e+03
2.183538119473902498e+03
2.779948492063107096e+03
3.268368870922275619e+03
1.603119111171237819e+03
2.294905652091330467e+03
1.564766947122166584e+03
1.053549100365762570e+03
3.218537048896585475e+03
9.840622114661058504e+02
1.392011162835969117e+03
9.629578550390185683e+02
1.577191581887702114e+03
1.779822824387498031e+03
2.773729667117130248e+03
3.182502076674483760e+03
1.243477752254732422e+03
2.007263865330695126e+03
3.209437007771729441e+03
