8.196797506043304793e+02
6.890422781177861680e+02
8.688014763296188221e+02
9.154184762450005337e+02
1.174731727042426201e+03
8.669057638559862653e+02
7.593755659609648774e+02
6.910996870128371938e+02
8.921762523187917395e+02
1.051709325749185837e+03
7.677599238754600037e+02
1.163795273183427298e+03
7.198985505091241066e+02
7.068747416023310279e+02
6.631889858374632922e+02
1.035058824266204510e+03
8.672471519680061647e+02
1.028940579901452793e+03
6.681327493454781461e+02
7.217116135916061239e+02
