2.133933213370451995e+03
3.371838880976250948e+03
3.459262313269144215e+03
2.987917380739974760e+03
3.381495918747749329e+03
3.389768972062339344e+03
3.133329703350329964e+03
3.455115018986287851e+03
1.385317374392944657e+03
3.398826167188118234e+03
3.471786471005704243e+03
3.446538426465387602e+03
2.416520721109740407e+03
1.228664289901737902e+03
3.417435484825296044e+03
2.372458924777165066e+03
3.416577164017058294e+03
1.867416901422833462e+03
2.351050695608252227e+03
3.444801899625186707e+03
