2.520964880118904603e+03
7.553469375833507229e+02
1.098650919761710156e+03
1.596378852494938201e+03
1.343990000760380781e+03
9.714233703320926452e+02
8.946712084501998561e+02
1.877228081388715736e+03
2.156711205367489583e+03
7.060152482604893294e+02
1.562663350685491423e+03
1.433591423275640409e+03
1.730444775282308683e+03
1.379681214153986502e+03
2.232904969586946663e+03
1.686848205205607655e+03
1.319187935151163174e+03
9.991154530221415371e+02
1.628359706671792082e+03
9.826129466462081155e+02
