2.159032994892460010e+03
1.862389098426562441e+03
1.916754172374938889e+03
1.678270549705307985e+03
1.978240865666664376e+03
2.576391292939798404e+03
1.423075652983142618e+03
2.205817360156261202e+03
1.952273552534232067e+03
2.008496436946785252e+03
2.416194525124556549e+03
2.571311561659923882e+03
1.370028339705614144e+03
1.664029980782105895e+03
2.266757363727550455e+03
2.067414667669686878e+03
2.297321215280198430e+03
3.024226142410740522e+03
2.745025513234116261e+03
2.082401049114046145e+03
