3.115148449254005754e+03
1.031174230627526867e+03
1.141986481146527922e+03
9.580860355200227332e+02
3.044222896695017425e+03
1.068990558520097011e+03
1.046830166235574325e+03
9.920079163149455326e+02
9.618559067767473891e+01
3.106088559537195124e+03
3.144145501117611730e+03
8.690299132622626530e+02
9.908618797156952951e+01
1.021529321589100050e+03
1.128709286463520129e+03
1.270656693695800868e+03
3.177542635017214707e+03
9.920462684567455653e+02
1.468608028785924489e+03
3.137176275640407766e+03
