2.734891903290658774e+03
1.254728222762670839e+03
2.778027145234001637e+03
1.449848497514551809e+03
2.825769999217843178e+03
1.439477553100967043e+03
2.157991444767548728e+03
4.738914616546555862e+02
2.763975991983210861e+03
1.014428025036881195e+03
2.719304155492907739e+03
2.671619419431332517e+03
2.712868598371876033e+03
1.417490931864470440e+03
6.382117944487197292e+02
2.692740920442651714e+03
2.768418898922086100e+03
2.735037199938638878e+03
9.224983808351476000e+01
1.976598156757531342e+03
