3.087849630053820874e+03
2.391764888379019339e+03
2.926681196777816240e+03
2.913768005524878390e+03
2.919055141008550891e+03
1.472979120871996884e+03
1.368705928680703437e+03
2.935780853100940476e+03
2.932182752105797135e+03
1.034940222626519699e+03
2.674729778760548015e+03
1.154292474270926277e+03
2.910519860903693370e+03
2.573884242521933629e+03
1.365201453441212607e+03
1.692167785939117266e+03
8.277552898787708102e+01
2.896862945400695480e+03
2.068660189488909509e+03
9.837579823312174199e+01
