1.202120973109642591e+03
2.786804077251882518e+03
2.813043270317058159e+03
2.846555856221015347e+03
1.688187014686079237e+03
2.811118840620266838e+03
2.789329932344114695e+03
2.808302217139692402e+03
2.777072672545752539e+03
2.779335794544119835e+03
1.251496307630965248e+03
2.731145695707439245e+03
2.766683355799406399e+03
9.077738916516344148e+01
2.803939211916963814e+03
2.113118587298158218e+03
2.848521932666757948e+03
8.808556437485681556e+01
2.756112888760554597e+03
2.791836044452915303e+03
