2.992939298975671136e+03
2.891827940606297034e+03
2.929200199900736607e+03
3.014817731912940872e+03
1.861923768151852073e+03
2.168620546189608831e+03
2.958538822748686471e+03
2.923785851007110978e+03
3.023344976323462561e+03
1.404361700468275103e+03
1.901747462916182485e+03
2.822837910405395633e+03
2.712724093640274987e+03
2.694589906666207298e+03
1.796050865435241349e+03
2.953929048962709203e+03
2.637660309398211211e+03
2.909463094088628168e+03
1.776184372418592829e+03
1.757032457867890116e+03
