1.357544386382200628e+03
1.659150950601564091e+03
1.115323728437139835e+03
2.802913395596247028e+03
9.632708559024823671e+02
1.449761041508839298e+03
1.110609676446629237e+03
9.153757551409822781e+02
2.798749355481936163e+03
1.192699816531139277e+03
1.080358984298565019e+03
1.455996117271781713e+03
1.193478681014759104e+03
1.180028882791139949e+03
1.641924591155056987e+03
2.068108587835445633e+03
8.525566536145230430e+02
1.511448028312718634e+03
1.091590302312404901e+03
9.996718612958351287e+02
