1.000949423368311955e+03
1.003856044083791176e+03
7.800844727497718623e+02
9.740848065487223266e+02
9.323051580765016979e+02
8.737913312996091690e+02
8.553372268255916424e+02
8.574456276932535275e+02
8.666067575761596800e+02
8.797354758671607442e+02
8.412496823677195152e+02
8.004209558440167029e+02
8.059841634642216377e+02
6.961148984248261513e+02
8.535690594213951954e+02
7.552536977799283022e+02
9.440284706652473687e+02
8.697443354669312612e+02
8.241673851232212655e+02
8.547954858695873099e+02
