6.800675293514999794e+03
6.769466118439987440e+03
6.636500517210693943e+03
6.621401000015556747e+03
6.702287097008811543e+03
6.697532986593938404e+03
6.680890709391042947e+03
6.722475729040489568e+03
6.656407448975465741e+03
6.686959057834235864e+03
6.621167743512709421e+03
6.563512464814531995e+03
6.600102519664654210e+03
6.638518693426904974e+03
6.667829502986834086e+03
6.605266487893873091e+03
6.598818071746520218e+03
6.768330145101918788e+03
6.714510533945755014e+03
6.672347832338793523e+03
