3.717558798461006063e+03
3.787173766612450436e+03
3.777861582948389696e+03
3.730335210169303537e+03
3.732401437180260473e+03
3.844250229129301260e+03
3.746773062129856953e+03
3.754963729600865463e+03
3.794604881835359265e+03
3.786260124666676802e+03
3.744474489205644204e+03
3.749114862882033776e+03
3.776083284038752026e+03
3.771855863368212795e+03
3.773926092603995130e+03
3.785875237623426983e+03
3.695000129347629354e+03
3.773520986600052311e+03
3.731790584214845694e+03
3.750410118611316193e+03
