3.696035293579167956e+03
3.731876661632511514e+03
3.729070154265508336e+03
3.772983685921737560e+03
3.791906444690459921e+03
3.715351777373756249e+03
9.479373030233413999e+01
3.656277129430225614e+03
3.718762879764875379e+03
3.691466481752929667e+03
3.759763655590334110e+03
3.697991061020692541e+03
1.770413542200420807e+03
3.721453067325700431e+03
3.730313756724760879e+03
3.771941449518596528e+03
3.736872872045144049e+03
3.743451835542287427e+03
3.726508008933784367e+03
3.635724738051120312e+03
