3.509489825161622775e+03
3.556795658900784929e+03
3.647394927439481307e+03
3.608999885824353441e+03
3.618509743020073529e+03
3.609443454966082754e+03
3.546254873797203345e+03
6.034205647173760099e+02
3.478106759921682169e+03
3.554570610522377137e+03
3.542564545543216354e+03
3.542453656391419827e+03
3.586478400051871176e+03
3.562905468016578652e+03
3.597982852359756180e+03
3.575977914531258648e+03
3.529796052604860506e+03
3.628949071011516025e+03
3.594596122409596774e+03
2.236822946771876559e+03
