3.424723817170996426e+03
3.453751815128409817e+03
3.458886425188501107e+03
3.460027517477495621e+03
3.469956281751685765e+03
3.389069337419341082e+03
3.366335058213946922e+03
3.460598605735094225e+03
3.441170499674641178e+03
3.295689497848408337e+03
3.408059442758215482e+03
3.439781978424412500e+03
3.346958931324874811e+03
3.428901537798285972e+03
3.473701765742964199e+03
3.432954617724125910e+03
3.399292524166901785e+03
3.423830961570575710e+03
3.449903280328612254e+03
2.073057240509498058e+02
