3.556546117130800212e+03
1.808843741980902450e+03
3.552076099732119474e+03
1.676400579227659819e+03
3.523931635471430127e+03
2.179767706477015508e+03
3.528644793260768438e+03
3.226555395655167104e+03
1.910723833794767415e+03
3.559319455710669445e+03
3.551737622516568536e+03
3.563076936441727867e+03
3.308490915061177930e+03
3.519207451346303515e+03
2.039090219374115577e+03
3.532657433124869385e+03
3.043420155642978898e+03
3.602717930808582423e+03
3.515891560109847433e+03
2.036064708904830468e+03
