2.066006911975119237e+03
3.478323284665106712e+03
3.481042815688913834e+03
3.294019110215048386e+03
3.483755987226083107e+03
3.592845674909569880e+03
3.508201243684685778e+03
3.502145749795616211e+03
3.474139322528790217e+03
3.527273975212621281e+03
3.409730725313586845e+03
3.771069191039953694e+03
3.457880247667996173e+03
3.539654731712837474e+03
3.506418035259824137e+03
3.527122050562137701e+03
3.481702237455487648e+03
3.572303349633387370e+03
3.528951161053937085e+03
3.473795425916400291e+03
