1.352252713665097644e+03
1.210659771840119220e+03
1.522581202878301838e+03
9.430229248502740802e+02
7.972118973219808140e+02
1.051828757239122069e+03
7.704796970769831432e+02
8.841335104077188589e+02
8.323560496796645793e+02
9.233248845816833636e+02
8.622889347241218729e+02
1.213773817990196903e+03
7.861207358712288169e+02
1.089838162485574912e+03
9.753486749547527097e+02
1.143176438169376979e+03
1.029940291275495838e+03
1.142873147163096064e+03
8.433415835929126843e+02
1.032530844528366288e+03
