5.169483352547954382e+02
5.738744087425561702e+02
5.149062925827962545e+02
4.870738861208894832e+02
4.643012079097782134e+02
5.362031783373491862e+02
5.173305328669741812e+02
4.549172363914355515e+02
5.682051110829872869e+02
4.936771122290263634e+02
6.940403687672079514e+02
5.449878585359941781e+02
5.053999952547651446e+02
5.126078663791302006e+02
5.304065292757729821e+02
5.655941810933958322e+02
5.298156596985728584e+02
5.172292272544053731e+02
4.556007625715014910e+02
4.949448083047355453e+02
