1.148629241075271466e+03
2.405492219385881072e+03
9.984845503944194434e+02
6.493942707200462792e+02
1.560666495208187825e+03
9.355841783734339288e+02
2.293865771345910616e+03
1.444978616303622857e+03
2.396491823687918895e+03
3.196072928039470298e+03
1.364460877714737762e+03
6.507863136037967706e+02
3.302372464412110730e+03
1.758304417610939254e+03
1.540529841354542668e+03
1.541755756558794246e+03
8.072084129957676168e+02
3.389308597384221230e+03
1.552773289634341836e+03
2.866567872051873564e+03
