3.309647908287824521e+03
3.315076415205659941e+03
3.294014785918602684e+03
3.266775781442696371e+03
3.307737502309615593e+03
3.309350636406148624e+03
3.303397642714170615e+03
3.298586283695897691e+03
3.259093457363399466e+03
3.275022063406144753e+03
3.297195477524627677e+03
3.330623118249266554e+03
3.274221435069931886e+03
3.289915260681090331e+03
3.316917277422021016e+03
2.048996425489254761e+03
2.508729743082576078e+03
3.273976376203198470e+03
3.230596233152619789e+03
3.289657252144050290e+03
