6.690696045905802748e+03
6.463652379772216591e+03
6.680672207326857460e+03
6.868983711458576181e+03
6.625175585956863870e+03
6.552246105751091818e+03
6.567327497498512457e+03
6.836270168872503746e+03
6.746055849225951533e+03
6.601564194758378108e+03
6.772199843408649031e+03
6.343397117043685284e+03
6.095241434707927510e+03
6.581394099670711512e+03
6.359359435570143432e+03
6.671522103456039076e+03
6.287678888662341706e+03
6.490067086089718032e+03
6.441239967047970822e+03
6.337209040252626437e+03
