4.879526041256735880e+03
5.027883386971427171e+03
4.340441955082335880e+03
5.149517675979575870e+03
4.556237337339352052e+03
5.384503928772412110e+03
4.410412545179285189e+03
5.433260978969969983e+03
4.103570496146609003e+03
5.449488923665645416e+03
5.930804745202889535e+03
4.904494103438757520e+03
6.136436050392949255e+03
3.224111499844379523e+03
2.607826645716309940e+03
4.389511741793965484e+03
5.809050307620908825e+03
4.674973087278797721e+03
2.828202448810561691e+03
5.463571225189311008e+03
