1.866657513126236154e+03
9.447235135591564585e+02
3.261698565896621858e+03
9.202760453413770847e+02
1.005706384447077085e+03
1.268865548426876330e+03
2.778640456468398497e+03
9.117639857761982967e+02
1.767723487717793660e+03
3.262323496860341947e+03
2.197604383031527504e+03
8.857687283672584044e+02
3.247846382708447436e+03
9.194283018279954831e+02
3.235031413628094924e+03
3.268423766547564810e+03
3.245669244658814478e+03
3.295115136548037299e+03
1.723439371475423286e+03
3.035414367394276269e+03
