1.434071625587750304e+03
3.214161008003519328e+03
3.248493672021081238e+03
3.202358067821045097e+03
1.427661944433195231e+03
2.735955930959560192e+03
3.233801490418330559e+03
2.236607795293961772e+03
3.219237547650627675e+03
3.229062668064561421e+03
3.239504542181201941e+03
1.742983974565162043e+03
3.272740069534595023e+03
3.238550403997116518e+03
1.809784806339438319e+03
3.236823351310960788e+03
1.202347193154191473e+03
3.215520881509478386e+03
3.231794663931920695e+03
1.552542871007126905e+03
