3.048808256850316866e+03
3.050975151113475931e+03
3.041041817538880878e+03
3.053291595665592922e+03
3.004745254573540933e+03
3.115970496361596361e+03
3.041717501906491179e+03
3.013301863788564333e+03
3.015288114491822398e+03
3.048946631241448813e+03
3.043569691344075636e+03
1.368667338082243077e+03
3.092989452889789845e+03
3.028189458491526693e+03
3.050498630619942560e+03
3.042645360475422422e+03
3.017617122779710826e+03
3.079218003617756040e+03
3.040236850810142641e+03
3.033197615921885244e+03
