3.201699763978813280e+03
3.185296529932995782e+03
3.199154910219185695e+03
8.931072223988221594e+02
3.192353011357477953e+03
2.032777432737738991e+03
3.201431341605512898e+03
3.213569104768081615e+03
3.198141340845098057e+03
3.217057980027864232e+03
3.238097103182686169e+03
3.202828155643336231e+03
3.212133884683692486e+03
3.176638260279978113e+03
3.208038408634968619e+03
3.213487650081200172e+03
3.247310946605546178e+03
3.194666725430523002e+03
3.196363872680673012e+03
3.185714427329557111e+03
