3.545076427251296536e+03
1.263064634993485242e+03
3.629720060099997227e+03
3.664776894655808064e+03
3.596969931162043395e+03
3.595929486903600719e+03
3.574560833493033897e+03
3.475968741948428487e+03
3.396982602029542250e+03
3.606071422006462853e+03
3.550330798740312275e+03
3.480359372502326551e+03
3.654644858767514052e+03
7.425631331596059681e+02
3.556375506686542849e+03
5.667325293265280379e+02
3.442531103655136121e+03
3.607776520664511736e+03
1.608116268463870483e+03
3.491675306842418195e+03
