3.332185930550544072e+03
3.508322531189704478e+03
2.376720376841919006e+03
1.855037434293506294e+03
3.735853181728760319e+03
2.956074036657459146e+03
3.172953494981641143e+03
3.412643429708198255e+03
3.305693155964017478e+03
3.202742366260354174e+03
3.406768458066813764e+03
3.028272153429724312e+03
2.394806553346325018e+03
3.394242837502995371e+03
2.847653147892577636e+03
1.610586068716971340e+03
2.290659901345482467e+03
2.222921290977883473e+03
3.470587498168790262e+03
3.158281426379492132e+03
