3.291735183262735063e+03
3.276418863734784736e+03
3.304176435772464629e+03
3.300256908070904956e+03
3.314679595915504251e+03
3.352367032486112294e+03
1.607838165038362376e+03
3.372495534299168867e+03
2.888886657794701932e+03
3.323311454040036097e+03
3.290435726097433417e+03
3.292285399357073402e+03
3.263800659190366787e+03
3.274132785014386172e+03
2.241751244611746642e+03
2.696538200552550279e+03
3.310044364811147261e+03
3.264302616122611653e+03
3.361347297294923919e+03
3.287783006247121648e+03
