3.238966574545361709e+03
3.218753476345808849e+03
3.227178311272656174e+03
3.221611999596567784e+03
3.319063396256119631e+03
3.256559554460075105e+03
3.243373766231184163e+03
3.309333673048888159e+03
3.391687679538992597e+03
3.290321180387652021e+03
2.415716202858882298e+03
3.256982171995663521e+03
3.324066168228718652e+03
3.258190193651912523e+03
3.073198181348639082e+03
3.311831617934298720e+03
3.353259488856953794e+03
3.350080549755381071e+03
3.214134268194897231e+03
3.254716205017170068e+03
