3.418923355939303747e+03
3.437280021792686512e+03
3.358302465265722731e+03
3.406599653071224111e+03
2.913809070705985960e+03
2.989208747303832297e+03
2.585995268053581640e+03
3.302602621629068381e+03
3.351698928735534992e+03
3.421143905530204393e+03
3.427678967978227320e+03
3.377341016962536742e+03
1.936275587205253714e+03
3.401190271855728497e+03
3.405820174604319163e+03
3.390122588779829130e+03
3.407435924443343083e+03
1.520725868376646531e+03
3.386102172022926425e+03
3.438152442960740700e+03
