3.693490507611220437e+03
3.764106513859915594e+03
3.756726176135757669e+03
3.418487417397576792e+03
2.182115995439824474e+03
2.067566401263891748e+03
3.709010638681770615e+03
3.812673368218899668e+03
3.781567762577040412e+03
3.759836890705610131e+03
3.727128544562215666e+03
3.172357967464417925e+03
3.699950434436534579e+03
1.991148876588394614e+03
3.693547763884186224e+03
3.606808399020990691e+03
1.841041266456326412e+03
1.932519264350519279e+03
3.705641384712780564e+03
3.716752672154296761e+03
