5.887462250921000305e+03
8.781508976412518450e+02
5.964727835058074561e+03
5.802144653604817904e+03
2.196325759558083064e+03
5.868789985821989831e+03
3.008469507715669806e+03
5.976604719039814881e+03
5.907287099118124388e+03
6.178869342369556762e+03
5.897093063343168978e+03
3.258645034587522787e+03
4.524498323150053693e+03
5.906323689753719009e+03
5.949190072294431957e+03
5.361458864806706515e+03
6.005921310726168485e+03
5.641584769557190157e+03
5.834941571873614521e+03
5.840669703739594297e+03
