7.084763951143797385e+03
7.222170033819146738e+03
7.232665398801555057e+03
7.153202008327361909e+03
7.300285971447701741e+03
7.249761373976396499e+03
7.165343107871311076e+03
7.373359107290714746e+03
7.164550606897095349e+03
7.159441502659093203e+03
7.210570148114575204e+03
7.269036670042235528e+03
7.165447716543827482e+03
7.165922929902252690e+03
7.259656724268626931e+03
7.256082284328699643e+03
7.107626039101661263e+03
7.126879208175207168e+03
7.337315778852414041e+03
7.186693635140636616e+03
