7.219797283172403695e+03
7.257658695763160722e+03
7.240452191833326651e+03
7.262307857529110152e+03
7.322643811637352883e+03
7.111301918143686635e+03
7.371651232531853566e+03
7.301903760830487954e+03
7.235152582941202127e+03
7.254745768127166230e+03
7.216451552122976864e+03
7.107200149856093049e+03
7.323055503625482743e+03
7.221904838883949196e+03
7.260479354132241497e+03
7.263916987802995209e+03
7.268273209268894789e+03
7.221806409892235934e+03
7.225842364449194065e+03
7.180316262678479688e+03
