5.433127794140023070e+03
5.446076851718412399e+03
5.352145007893506772e+03
5.426078336644382034e+03
5.580741439661424010e+03
5.472152471556182718e+03
5.516380080104800072e+03
5.512392850972334600e+03
4.807491801210959238e+03
5.301250559999980396e+03
5.401255027002798670e+03
5.437423484944720258e+03
5.592652059010881203e+03
5.569828862359907362e+03
5.151875293815494842e+03
5.231846404321013324e+03
5.647433151641414042e+03
5.272264533590366227e+03
5.452546967273211521e+03
5.301274529133444048e+03
