4.936698175988623007e+03
4.782238551172125881e+03
4.643789093167579267e+03
5.281652043933451750e+03
4.869084125574619975e+03
4.664621994837461898e+03
4.567153728352071084e+03
4.610543792055777885e+03
4.861147519310571624e+03
4.741004751390351885e+03
4.843672881162094200e+03
4.660320964373739116e+03
4.675185863918990435e+03
4.770222313545479665e+03
4.716282147006731066e+03
4.867788289929978419e+03
4.516846160176403828e+03
4.392257680410935791e+03
4.648270212222579175e+03
4.626486258659025225e+03
