5.158728871299111233e+03
4.910973704805090165e+03
5.232693588600576732e+03
5.020176260442055536e+03
5.014019868195637173e+03
5.058260931663458905e+03
5.338259427541170226e+03
5.287785346606812709e+03
5.185501797441225790e+03
5.226965291898621217e+03
4.985185634220022621e+03
4.990951544288685000e+03
5.154337503133306200e+03
5.337018064413745378e+03
5.106776457727308298e+03
5.198695037781126302e+03
5.085974390373696224e+03
5.030611338593636901e+03
5.044148694536036601e+03
5.030766862543064235e+03
