5.272802851315649605e+03
5.460819045084004756e+03
5.396317788274680424e+03
5.547300420885479070e+03
5.385335066705037207e+03
5.090770130248436544e+03
5.236768573359506263e+03
5.391609142792211060e+03
5.398595581067543208e+03
5.221791897340633113e+03
5.342758021606459806e+03
5.102918324445968210e+03
5.264488558057170849e+03
5.436275508501327749e+03
5.377209651930841574e+03
5.314477939964017423e+03
5.100201530110573003e+03
5.357329564593259420e+03
5.383042657376248826e+03
5.310137348032658338e+03
