6.241855234240234495e+03
6.241246983366317181e+03
6.243790838003508725e+03
6.340716751442755594e+03
6.344939289356348127e+03
6.224888743561968113e+03
6.374158791675552493e+03
6.210829980191417235e+03
6.205116119582147803e+03
6.363569732329837279e+03
6.095878596612750698e+03
6.177340680987614178e+03
6.428418845518841408e+03
6.369208954437057400e+03
6.528014434472198445e+03
6.164253667436089017e+03
6.265452473817080318e+03
6.021021881252921958e+03
6.617853378540122321e+03
6.365812153464213225e+03
