6.157045978057366483e+03
6.491608094623356919e+03
6.569358397929448984e+03
6.509281877516807072e+03
5.953791780424332501e+03
6.062582176107701343e+03
5.762978508212626366e+03
5.952634361575853291e+03
6.267939088011373315e+03
6.073795824050850570e+03
6.231693886709037542e+03
6.232964403226596005e+03
6.323856836248691252e+03
6.400063490264930806e+03
5.909135307016662409e+03
6.331840552440654392e+03
6.463216159967059866e+03
6.071536100582809013e+03
6.224906077731739060e+03
6.424717316880769431e+03
