5.529468051012469004e+03
5.950149531543666853e+03
5.578710625892410462e+03
5.808223848269177324e+03
5.916966726030219434e+03
6.074756568067690750e+03
5.635483000623964472e+03
5.464069314194178332e+03
5.754419869616830510e+03
5.809045287256641132e+03
5.965902926251569625e+03
5.874610459268234990e+03
5.934438760490608729e+03
5.524015987473700079e+03
2.211972700260072600e+02
5.798041540250359503e+03
5.762407351287043639e+03
5.483266311765110913e+03
5.766051697770685678e+03
3.111898518170195075e+03
