5.474745678215989756e+03
5.562479208082899277e+03
5.378483389186154454e+03
5.072284914377039968e+03
5.618757623788934325e+03
5.313301975233174744e+03
5.432148711559793810e+03
5.522102204343256744e+03
5.425201480542395984e+03
5.473611826161334648e+03
5.301837638997559225e+03
5.463841175077329353e+03
5.574411595180766199e+03
5.425126160356557193e+03
5.536127690602631446e+03
5.477060228937845750e+03
5.389298843096129531e+03
5.146436113803125409e+03
5.445406520697283668e+03
5.324081931228181020e+03
