5.769016123777420034e+03
5.550838198498923703e+03
5.696223590619557399e+03
5.758253885796581926e+03
5.678633613001755293e+03
5.716341330925816692e+03
5.784459939920299803e+03
5.811570222638866653e+03
5.731458644689978428e+03
5.702002188099494560e+03
5.703918866158462151e+03
5.714924938349032345e+03
5.462499157000575906e+03
5.359267871385955004e+03
5.699529928963317616e+03
5.834717079268246380e+03
5.229261860279846587e+03
5.647868230234701514e+03
5.308342901058606003e+03
4.983418121650127432e+03
