6.036032519721187782e+03
5.894174484553318507e+03
5.891080696470977273e+03
5.806721883985314889e+03
5.883588578158283781e+03
6.015113659053386982e+03
5.799113943610028400e+03
5.580819222554305270e+03
6.169237482977032414e+03
5.892404793546501423e+03
5.810843637852362917e+03
5.938281821635582673e+03
5.880181723116613284e+03
5.862160108277343170e+03
6.180240663482370110e+03
5.900187698757457838e+03
5.877788925472857045e+03
5.729033975973046836e+03
5.986593345041038447e+03
5.918502776179695502e+03
