5.934958984216315912e+03
5.706785881699166566e+03
5.888708241010106576e+03
6.209489936753991969e+03
5.646645229508672855e+03
5.919464273143381433e+03
6.198910940769289482e+03
6.069135827468452590e+03
6.107897597851994760e+03
6.223550555607392198e+03
5.928394199365694476e+03
6.146033412097879591e+03
6.084603262633469967e+03
6.128261890944540937e+03
5.848189598126654346e+03
6.318038726589174985e+03
6.068279402431593553e+03
5.964619387136336627e+03
6.243945080670325297e+03
6.101589840176090547e+03
