6.675919861460933134e+03
6.933321763193421248e+03
6.536855755691079139e+03
6.529784396573443701e+03
6.398046468278371322e+03
6.601914783715667909e+03
6.993252230847824649e+03
6.523154778717339468e+03
6.684541427977184867e+03
6.670718768378197638e+03
6.797571736791492185e+03
6.778455813047451556e+03
6.034263647339348609e+03
6.779588791163281712e+03
6.563234474903672890e+03
6.667582487364015833e+03
6.369543239142562015e+03
6.735034467583407604e+03
6.779106889862941898e+03
6.749693536567332558e+03
