6.735808925753643052e+03
6.629728495967265189e+03
6.780095315186250446e+03
6.678280159080605699e+03
6.681987596646235033e+03
6.813667453382484382e+03
6.781874587480655464e+03
6.689415415151385787e+03
6.729223580256119931e+03
6.808839183953365136e+03
6.698288183460718756e+03
6.863139957356721425e+03
6.746874710960876655e+03
6.712819449996229196e+03
6.658502390207107055e+03
6.818098201872033314e+03
6.746206868751328329e+03
6.838651226361274894e+03
6.703156829148451834e+03
6.563789561377409882e+03
