6.420170590153347803e+03
6.428595049229727010e+03
6.486890747305877994e+03
6.469070772049501102e+03
6.348860563635208564e+03
6.380502576771261374e+03
6.491353122771050039e+03
6.211308106172297812e+03
6.348006156362749607e+03
6.389510496897141820e+03
6.335245980256973780e+03
6.372532188651803153e+03
6.309973113087937236e+03
6.420953452694752741e+03
6.404277203377869228e+03
6.543250425353291575e+03
5.356529659851720027e+00
6.434359212005843801e+03
6.473888313948481482e+03
6.386940659434356348e+03
