6.661745622934666244e+03
6.595972040377606390e+03
6.619422028985893121e+03
6.688440258044824986e+03
6.615276008800311502e+03
6.664987315524213045e+03
6.702509268300150325e+03
6.688333061812131746e+03
6.712853775802027485e+03
6.736834371537817788e+03
6.661048764629462312e+03
6.668256106054567681e+03
6.644479648228330916e+03
6.649765762206461659e+03
6.654708951960285049e+03
6.776751523997396362e+03
6.600778450967962272e+03
6.802360285857716917e+03
6.714713413752063389e+03
6.741117201072490388e+03
