6.248855715409760705e+03
6.163440207464008381e+03
6.167503908295041583e+03
6.182626488942825745e+03
6.318823231879168816e+03
6.047991474136893885e+03
6.279921170267531124e+03
6.198065658940843605e+03
6.063931861732053221e+03
6.443753616207969571e+03
6.314845442620251561e+03
6.248095242484494520e+03
6.339902457677405437e+03
6.351970332269081155e+03
6.386822525009951278e+03
6.344330202348676721e+03
6.340102963842022291e+03
6.243833398123090774e+03
6.345530790023932241e+03
6.193852538521250608e+03
