6.576050305040605963e+03
6.503964360637070968e+03
6.463641574794160988e+03
6.431105895059785325e+03
6.368381733923510183e+03
6.497406018903836411e+03
6.612450031347812910e+03
6.411419931088029443e+03
6.198963460249500713e+03
6.525868553437235278e+03
6.310720908610933293e+03
6.589810904854163709e+03
6.532974332204204075e+03
6.506543903784142458e+03
6.302492056462966502e+03
6.434261661426115097e+03
6.514885095286498654e+03
6.532648695450650848e+03
6.398768095222400916e+03
6.272266202696649088e+03
