1.753553736986097420e+03
3.790341603247125931e+03
2.361205776129566857e+03
1.048520004945216897e+03
3.749168707560536404e+03
3.790964452246597830e+03
3.738798805031198754e+03
3.723077990457508349e+03
3.789864126449758260e+03
1.606936389353062395e+03
3.731568144975807627e+03
3.707220513269102867e+03
3.892971720464122882e+03
1.502420160174518514e+03
1.315874638474012727e+03
3.764493375622758322e+03
3.734028515545506252e+03
3.751687001275478906e+03
2.655125233817881053e+03
3.740459227571008341e+03
