3.107264012624862517e+03
3.833924385832885946e+03
2.834586331333548060e+03
3.732368250656258169e+03
1.678417368444522253e+03
3.237729818391499975e+03
1.440656950095371940e+03
2.549220319374117025e+03
3.831665561265679116e+03
3.212410742006545661e+03
2.956647301198875084e+03
1.294555810874092458e+03
3.722360814644370294e+03
3.726342622091791327e+03
3.727012439016940334e+03
3.743137474072685563e+03
1.907863963380976429e+03
3.764062361761141801e+03
3.742590794346402618e+03
1.408276334783934090e+03
