1.326215275329147062e+03
1.715934837686022547e+03
2.027139262697122376e+03
1.703676638350334770e+03
1.650170036827500098e+03
3.847929806870319226e+03
2.771516848971970376e+03
1.665574391101853507e+03
1.837912119175424777e+03
1.939138514085674160e+03
1.461047288354068087e+03
1.766019746931771351e+03
2.449447938645154863e+03
2.575761069443435190e+03
1.401409214336798868e+03
1.666719413706419346e+03
2.233812795295717933e+03
1.385019690904976869e+03
1.503396230516148535e+03
1.826529927952390153e+03
