1.303078989910899736e+03
1.774436934468445315e+03
2.019868782109219410e+03
2.667470978059363006e+03
1.747263342850712206e+03
1.760271382213124753e+03
2.048294600051625821e+03
1.125586158605741957e+03
1.693521889574813031e+03
1.933622332423580247e+03
2.280648414499569753e+03
2.071283102870669609e+03
1.371760314463352188e+03
2.426008351174386462e+03
1.846939132862326005e+03
1.259294573569758768e+03
1.564448899222857108e+03
2.661892062118111880e+03
1.601688679488966272e+03
1.586804913863320508e+03
