3.566648584927119828e+03
3.463065011814234708e+02
3.553704437577823228e+03
3.457896143759170400e+02
3.420077726185381835e+02
3.629973032972775400e+03
3.623362419570328257e+03
2.816922249136999653e+03
3.650070572006860857e+03
3.623474169785368304e+03
3.597616127444046469e+03
3.646213903411030515e+03
3.613111570507930082e+03
3.617375440483906459e+03
3.532609045405800430e+02
3.667618502079673817e+03
3.322904879688383630e+02
3.664624639456579189e+03
1.453316297761637543e+03
3.431589010177285104e+02
