6.473767105969694967e+03
6.397490632087230551e+03
6.568792609496979821e+03
6.538952412084454409e+03
6.503219854016003410e+03
6.327769545911685782e+03
6.402618703463843303e+03
6.536844245668612530e+03
6.416865207063454363e+03
6.725205460837923965e+03
6.580715318140539239e+03
6.602416221453296203e+03
6.467133792927006652e+03
6.590718747849388819e+03
6.497250246109668296e+03
6.276500007458371329e+03
6.392191617964726902e+03
6.334588069553938112e+03
6.505646696454036828e+03
6.332770087367242013e+03
