6.882740581994565218e+03
6.830379172086753897e+03
6.904099568690651722e+03
6.885214660893363543e+03
6.817060895282658748e+03
6.924706355791474380e+03
6.957372467749994939e+03
6.788889752432860405e+03
6.784735496584783505e+03
7.010052344948911923e+03
7.004866019795204920e+03
6.820291599909661272e+03
6.957239213681692490e+03
6.866824188813496221e+03
6.891980908519191871e+03
6.807915766944237475e+03
6.994433101481213271e+03
6.923140451960463906e+03
6.948736575940126386e+03
6.893741956943839796e+03
