6.407099094717596017e+03
6.465982220601709741e+03
6.337011929095573578e+03
6.609076815516680654e+03
6.427306402936233098e+03
6.395190463235084280e+03
6.451507045353250760e+03
6.461949345897357489e+03
6.524237839919967882e+03
6.413664208430100189e+03
6.443739878369274265e+03
6.564355774547932924e+03
6.275487148165256258e+03
6.305457467336647824e+03
6.565230779430195980e+03
6.556560555133673915e+03
6.452399508689029972e+03
6.649013443936504700e+03
6.466545471757854102e+03
6.404043886999328606e+03
