5.316680617456925575e+03
5.073380486759452651e+03
5.078449925247042302e+03
5.137321603130206313e+03
5.443969424716209687e+03
5.386017741509223924e+03
5.328906672681296186e+03
5.240401456567717105e+03
5.154904664921153199e+03
5.322640250644879416e+03
5.720726554579161530e+03
5.188703153443731935e+03
5.386049229497537453e+03
5.345574323008063402e+03
5.336772564852142750e+03
5.338721007379541334e+03
5.459805133783225756e+03
5.150968682147816253e+03
5.255542898840662929e+03
5.301057515479335052e+03
