5.963500100056652627e+03
6.111870003983933202e+03
5.970786154072598038e+03
5.902771623231990816e+03
6.035379198536904369e+03
5.916186658828076361e+03
6.032190173286268873e+03
5.966260190610933023e+03
5.977371414049267514e+03
6.105492661026658425e+03
5.967143335640745136e+03
5.937523445399945558e+03
5.689428626600349162e+03
5.795614396512755775e+03
6.004095646930437397e+03
6.145671022581393117e+03
6.140053038741947603e+03
5.896667168951227723e+03
5.905753095006813965e+03
5.996989693621264450e+03
