6.776693114178689029e+03
6.862380714998137591e+03
6.823659325719870139e+03
6.902781968424790648e+03
6.963010927841219200e+03
6.922279926369241366e+03
6.812590178943415594e+03
6.895317451354251716e+03
6.890214084948827804e+03
6.935547457965922149e+03
6.914016097619971333e+03
6.930531809000744943e+03
6.976569785962974493e+03
6.781350667862074260e+03
6.966261695786606651e+03
6.856828234054470158e+03
7.011928108556268853e+03
6.923224129229522077e+03
6.937163521843236595e+03
6.801675500382625614e+03
