5.998793322464541234e+03
6.186315406744165557e+03
6.064197516032801104e+03
6.243616362834483880e+03
6.173346329712048828e+03
6.202137010323192044e+03
6.141605679306454476e+03
5.942391654064806062e+03
6.279532014286472076e+03
6.358966263103877282e+03
6.273953268757548358e+03
6.050798348522333981e+03
6.266532030571032919e+03
6.156937524867971661e+03
6.049179937271585004e+03
6.169285481845145114e+03
6.123214254511905892e+03
6.202200202636779977e+03
6.027973501477340506e+03
6.184412901871331997e+03
