3.589189415606856528e+03
3.564150754554805644e+03
2.091900971972441312e+03
2.847129341814409145e+03
9.404933770553459453e+02
3.560266711386236693e+03
3.591790394861070126e+03
3.588530587819615903e+03
3.568560719245215296e+03
3.630290906577078658e+03
3.601033214656963537e+03
2.299722336891347823e+03
3.601435570049711714e+03
3.595351798804603277e+03
3.089760932106606560e+03
3.630264399902745026e+03
3.606079227791332869e+03
3.607042510671364198e+03
3.595860817134298031e+03
1.947591629004381502e+03
