2.825174169686323694e+03
2.863513996126461279e+03
2.866336752846154923e+03
2.853731505496468344e+03
2.798288216225055749e+03
2.833692530694753259e+03
2.813971075891316559e+03
2.818506197929364589e+03
2.844408460515265688e+03
2.821602073540069341e+03
2.823409831614650102e+03
2.821876781590121936e+03
2.837348309119286114e+03
2.836925140602203555e+03
2.826278129536899996e+03
2.838298035367005014e+03
2.796206686243471722e+03
2.835251605826717423e+03
2.838283309261970771e+03
2.803219042849236303e+03
