2.819831002905042624e+03
2.745678549169644612e+03
2.790377458011274939e+03
2.813326266818771273e+03
2.783280571988289921e+03
2.762866486149330740e+03
2.714730412458135106e+03
2.781288133631519486e+03
2.786987146906351427e+03
2.793152407093336933e+03
2.793686766194404754e+03
2.775711252713488193e+03
2.829599616122434327e+03
2.794088519390806141e+03
2.806869086301704556e+03
2.816241349240755881e+03
2.747427799851832333e+03
2.792638561537283749e+03
2.762097819208276178e+03
2.784320316079142231e+03
