2.690554733489979753e+03
2.715404493254066438e+03
2.772338037747563249e+03
2.755826712987233805e+03
2.754592560284311730e+03
2.751992388070570541e+03
2.772945760419113867e+03
2.675127776600879315e+03
2.778507216097993478e+03
2.734357926929215409e+03
2.782278154216912753e+03
2.749651632052240075e+03
2.747874907767174136e+03
2.743007042969593840e+03
2.758047939495133505e+03
2.751418052745068962e+03
2.724596127472006629e+03
2.739875326036280512e+03
2.719327753070654580e+03
2.733100182996448893e+03
