5.544613352432613283e+03
5.079306122530586435e+03
5.341492818360418823e+03
5.637113900545763499e+03
1.332928518453647484e+03
4.098063773836741348e+03
5.392196641079231995e+03
5.537989126740199936e+03
5.297811884470702353e+03
5.501476190894477440e+03
5.665440873885349902e+03
5.328763116329943841e+03
5.648797893276626382e+03
5.366725984983714625e+03
5.604022350462239046e+03
5.579005042552419582e+03
5.364149950841417194e+03
5.445053552766778921e+03
5.505464930868494775e+03
5.678569600992086635e+03
