5.586756928494991371e+03
5.654384535411852085e+03
5.658655052577597417e+03
5.604477866043097492e+03
5.651231128060291667e+03
5.538491837007863069e+03
5.510749757883239909e+03
5.470278221667535036e+03
5.434194749740310726e+03
5.378748120794790339e+03
5.642495574387417037e+03
5.572350946355402812e+03
5.424492531521692399e+03
5.414512706708412225e+03
5.554686572809366226e+03
5.538873501500145721e+03
5.351777366458031793e+03
5.403220450718570646e+03
5.604951930402830840e+03
5.479163069620856731e+03
