5.178739476178408040e+03
5.220871968621868291e+03
5.431813659973707217e+03
5.275248977822176130e+03
5.376424215062465009e+03
5.069872887477725271e+03
4.771074732627812409e+03
5.217088644852507969e+03
5.205813158751581796e+03
5.065110033494223899e+03
5.342411342198924103e+03
5.331932273396914752e+03
5.263355128758757019e+03
5.066239886962194760e+03
5.145742114630777905e+03
5.226457723205856382e+03
5.201647528936020535e+03
5.297258429974652245e+03
5.335542370313398351e+03
5.257628928575519240e+03
