5.029244438630953482e+03
4.996043335637849850e+03
4.954493919773857669e+03
5.436321151184281007e+03
5.200621147212242249e+03
5.278950569546768747e+03
4.982253556860655408e+03
4.999116310032974070e+03
5.107437326460986696e+03
5.179407770982038528e+03
5.025256462857935730e+03
5.147907215975563304e+03
5.155827672551175056e+03
5.265468641573776040e+03
5.187224890851447526e+03
5.241872350665848899e+03
5.076797660013335189e+03
5.198170908814391623e+03
4.139417164015148956e+03
5.183961084216916788e+03
