5.540826867447280165e+03
5.487970192276157832e+03
5.600380541652943975e+03
5.766563712761302668e+03
5.793654598251854623e+03
5.733551754020751105e+03
5.803730161371780923e+03
5.372215800563260018e+03
5.751238784659240082e+03
5.768975083546120004e+03
5.763136860809255268e+03
5.805519240127096964e+03
5.761147802692638834e+03
5.537924508446871187e+03
5.657791122291047941e+03
5.714440639743857901e+03
5.712674903465444004e+03
5.558411037623074662e+03
5.588995498863469038e+03
5.675607407746579156e+03
