5.711989838450270327e+03
5.603994802457086735e+03
5.688607613637943359e+03
5.734014729830190845e+03
5.654520605853963389e+03
5.325252019095887590e+03
5.591349342480042651e+03
5.722353796743335806e+03
5.505993058376125191e+03
5.356435590941904593e+03
5.516781413097367476e+03
5.561317775554958644e+03
5.541034017699390461e+03
5.701523562590685287e+03
5.790164479986778133e+03
5.886589074179593808e+03
5.666734926423968318e+03
5.516027910813204471e+03
5.528906423847787664e+03
5.268940005796234800e+03
