5.996214504942502572e+03
5.780076237519252572e+03
5.732280379806557903e+03
5.733056546498745774e+03
5.878987749873313078e+03
5.898024656555427100e+03
5.734913203360168154e+03
6.195279021858259512e+03
5.845997508227081198e+03
5.845869452984350573e+03
5.819073239265124357e+03
5.717064972514086548e+03
5.802348455778959760e+03
5.659700118849919818e+03
5.562244683339949006e+03
5.883158338056188768e+03
5.541831116166314132e+03
5.657524508011278158e+03
5.996758339484706994e+03
5.939329732019312360e+03
