6.089863067288433740e+03
6.233299876550849149e+03
6.119148756456190313e+03
6.265586992468628523e+03
6.382631608736850467e+03
6.456029994922200785e+03
6.399824048513690286e+03
6.177238827287078493e+03
6.347380905847023314e+03
6.360150688482864098e+03
6.474294601396451071e+03
6.252738383075415186e+03
6.339653089971051486e+03
6.258017249474842174e+03
6.263961283209155226e+03
6.314936784193014319e+03
6.080396727707519858e+03
6.421974618562580872e+03
6.378573560699856898e+03
6.305470614767580628e+03
