6.301642350039826852e+03
6.405705299142359763e+03
6.268068024919966774e+03
6.339702480847291554e+03
6.271645250069916074e+03
6.387512002623405351e+03
6.297593917456975760e+03
6.285618575691848491e+03
6.222567368320916103e+03
6.442078468021503795e+03
6.313709949415580013e+03
6.387055470556079854e+03
6.197130178686787985e+03
6.254630141174851815e+03
6.215840296973112345e+03
6.432997722356492886e+03
6.309812427917144305e+03
6.393570959343034701e+03
6.139213426741436706e+03
6.342683840309941843e+03
