6.446980474862904885e+03
6.356008608940608610e+03
6.516618476201070735e+03
6.486316333673652480e+03
6.329276596716919812e+03
6.568613754087611596e+03
6.423905061958286751e+03
6.492550192670092656e+03
6.471639752972942006e+03
6.373334428212369858e+03
6.186678444065266376e+03
6.494566904309245729e+03
6.517151736472485936e+03
6.510984880295921357e+03
6.570003753498459446e+03
6.545723116361688881e+03
6.591504802594547073e+03
6.327197585474687003e+03
6.393724858870602475e+03
6.484241266099267705e+03
