7.046201058980237576e+03
7.108821366770318491e+03
7.043413561841814044e+03
7.059762523058079751e+03
7.068961666071304535e+03
7.011626754499642630e+03
7.063892350511686345e+03
7.136965598716955355e+03
7.003341864848434852e+03
6.935025064237795959e+03
7.087590972921011598e+03
6.800883217753602366e+03
6.986978533977170628e+03
7.010870165809591526e+03
7.115495518778527185e+03
7.090603598646500359e+03
7.053819197511857965e+03
7.033979433122147384e+03
6.949712188037228771e+03
6.986765713803632025e+03
