5.970635351584062846e+03
6.072340417045465074e+03
5.931664157620651167e+03
5.877186270109462384e+03
5.625074913142701007e+03
6.037549306590128253e+03
5.883114123271483550e+03
6.114743114914004764e+03
6.077093686018403787e+03
5.800868109030301639e+03
6.163015296558480259e+03
5.970519829404819575e+03
6.198967202286548854e+03
6.008454093681156337e+03
5.890054050377138083e+03
6.038204738615864699e+03
6.038725353746991459e+03
5.954926559921529588e+03
5.802106639841656033e+03
5.631191424163265765e+03
