6.955900855447927825e+03
6.918740440260519790e+03
6.993089695201690120e+03
6.959858950910943349e+03
7.028494360894990677e+03
7.064962654237765491e+03
7.074852943313078868e+03
6.926913261826006419e+03
7.040629839630388233e+03
7.092309655985210156e+03
6.989286105881550611e+03
7.118713316316948294e+03
7.021059912483521657e+03
6.964569396719253746e+03
7.090977300668397220e+03
6.966017463853873778e+03
6.977849039568600347e+03
7.035961500183155295e+03
7.026891891059251975e+03
7.146484599668679039e+03
