6.790911706338050863e+03
6.890504980716175851e+03
6.723331920216454819e+03
6.754400703024628456e+03
6.967588934435012561e+03
6.908905032045344342e+03
6.838868249260519406e+03
6.897392430921717278e+03
6.907344569188750938e+03
6.893645144738966337e+03
6.922225446876089336e+03
6.789141601469777015e+03
6.896890271758925337e+03
6.889034927686520859e+03
6.936369922416178269e+03
6.838962250427741310e+03
6.746682088571322311e+03
6.744288497606957208e+03
6.975865595870965080e+03
6.871091564928705338e+03
