7.100719851569586353e+03
6.914724210041369588e+03
6.813739454793580080e+03
6.936551492246169801e+03
6.934244066539860796e+03
6.961729829517740654e+03
6.896348983212142230e+03
6.998722561522180513e+03
6.944116920003858468e+03
6.982803769400614328e+03
7.015795859695685067e+03
6.998996504801503761e+03
7.032728465920280541e+03
7.031627203953441494e+03
6.977881845171375971e+03
7.029748052911751074e+03
7.042614271547332464e+03
6.942610548654723061e+03
6.959871327444778217e+03
6.949406128407747019e+03
