6.921344142491404455e+03
6.916711929571108158e+03
6.762411240933186491e+03
6.809275850321877442e+03
6.936858163251758015e+03
6.816047466040246036e+03
6.726371112556903427e+03
6.871192688878169974e+03
6.861045740528201350e+03
6.914984471528061476e+03
6.872143870483399951e+03
6.812520970310271878e+03
6.888352398075759993e+03
6.839940479142909680e+03
6.737728661509275298e+03
6.841368463490584872e+03
6.836742513560500811e+03
6.859132278111535925e+03
6.871711586117698971e+03
6.825684081635692564e+03
