7.014347534973519942e+03
7.018018865671874664e+03
7.094244000364263229e+03
6.950081834861472998e+03
6.970423877384517255e+03
7.005100692337013243e+03
7.029718554280387252e+03
7.095087513689610205e+03
7.033348895826231455e+03
6.991333268999505890e+03
6.894377582603802693e+03
7.025804676675001247e+03
7.009637980059740585e+03
7.040893750426545921e+03
7.027777379468985600e+03
7.125537873854445024e+03
6.960044898214047862e+03
6.993071070039766710e+03
7.005531693258808446e+03
7.089960923279633789e+03
