6.549132055705006678e+03
6.227421519897428880e+03
6.416154582019922600e+03
6.243651244660124576e+03
6.558638209551965701e+03
6.451745861273501760e+03
6.402846771732540219e+03
6.594764688448254674e+03
6.209040290250687576e+03
6.335744627077130644e+03
6.414447493429714086e+03
6.392531663939492319e+03
6.571834823686805066e+03
6.636787863703010771e+03
6.446578339527765820e+03
6.579418533423712688e+03
6.265377744672568952e+03
6.506248444426006245e+03
6.443615943383344529e+03
6.379587875664561579e+03
