7.110865460861747124e+03
7.086156429674551873e+03
7.195812643915888657e+03
7.070349877062625637e+03
7.079417711587624581e+03
7.195865870218758573e+03
7.198696951018997424e+03
7.026635331211708035e+03
7.148632858434461014e+03
7.036938074067327761e+03
7.127154008922002504e+03
7.175214135110270945e+03
7.243716207333234706e+03
7.083778293789619966e+03
7.200390545876224678e+03
7.135929425537360657e+03
7.196421397005797189e+03
7.146636022733319805e+03
7.111822383982565952e+03
7.242766278513374345e+03
