7.590901224167684632e+03
7.420598273378499471e+03
7.425000866448611305e+03
7.504810702904655045e+03
7.484268852070481444e+03
7.404660997881490403e+03
7.409654580175066258e+03
7.532373598540985768e+03
7.487896963190852148e+03
7.465382340091151491e+03
7.546289333852892923e+03
7.438454450106293734e+03
7.572735483941443817e+03
7.465450055482150674e+03
7.536635777683348351e+03
7.423706614211758279e+03
7.485261598646720813e+03
7.521563562046352672e+03
7.414411158348577374e+03
7.530211635767342159e+03
