3.255287798087393639e+03
3.264221661637407124e+03
3.319359239656354021e+03
3.269835215774421158e+03
3.276409575535386921e+03
3.270676396285000010e+03
3.252703609746447455e+03
3.242337956439332174e+03
3.203286793902216232e+03
3.270687876129672077e+03
3.282567640078305885e+03
3.278611503350067778e+03
3.257122606430395990e+03
3.223044255192424771e+03
1.642509988218518629e+03
3.326236092355414712e+03
3.203476077730121688e+03
3.300177552634512267e+03
3.221056065866295739e+03
3.280365581737497905e+03
