3.433191964537209969e+03 6.897131903391896230e+02 1.001000000000000000e+03 0.000000000000000000e+00
5.842344790975464093e+03 2.660192302047091744e+02 1.001000000000000000e+03 0.000000000000000000e+00
5.474230750389028799e+03 9.394236476562953158e+02 1.001000000000000000e+03 0.000000000000000000e+00
5.414243519056675723e+03 7.722864860101877866e+02 1.001000000000000000e+03 0.000000000000000000e+00
5.327678729166320409e+03 3.206803695763028372e+02 1.001000000000000000e+03 0.000000000000000000e+00
5.142490736150500197e+03 1.940312295971434082e+02 1.001000000000000000e+03 0.000000000000000000e+00
5.110677440209789893e+03 1.538303985286570992e+02 1.001000000000000000e+03 0.000000000000000000e+00
5.014562000282034205e+03 1.526694210826851474e+02 1.001000000000000000e+03 0.000000000000000000e+00
4.764095770579750024e+03 1.394034616668201068e+02 1.001000000000000000e+03 0.000000000000000000e+00
4.628002528188926590e+03 1.670976022381068162e+02 1.001000000000000000e+03 0.000000000000000000e+00
4.451644272546691354e+03 1.826253763177699625e+02 1.001000000000000000e+03 0.000000000000000000e+00
4.231088364679312690e+03 1.341772978812069255e+02 1.001000000000000000e+03 0.000000000000000000e+00
4.948405465475681922e+03 5.804640225174637180e+02 1.001000000000000000e+03 0.000000000000000000e+00
4.777492555952807379e+03 8.290574785770112385e+02 1.001000000000000000e+03 0.000000000000000000e+00
4.820917560809412862e+03 3.904593069151206919e+02 1.001000000000000000e+03 0.000000000000000000e+00
4.811011070296673097e+03 1.876403522056513395e+02 1.001000000000000000e+03 0.000000000000000000e+00
4.739736822127276355e+03 1.446133045043019933e+02 1.001000000000000000e+03 0.000000000000000000e+00
4.660511230614645683e+03 9.455974134300124945e+01 1.001000000000000000e+03 0.000000000000000000e+00
4.517185510133992466e+03 2.081323154874813497e+02 1.001000000000000000e+03 0.000000000000000000e+00
4.435803753639169372e+03 1.881397885300552275e+02 1.001000000000000000e+03 0.000000000000000000e+00
4.388271210815188169e+03 1.662946766679240227e+02 1.001000000000000000e+03 0.000000000000000000e+00
4.187492786482771407e+03 1.855477710738765609e+02 1.001000000000000000e+03 0.000000000000000000e+00
4.062915737433765571e+03 1.639183942671211582e+02 1.001000000000000000e+03 0.000000000000000000e+00
4.666699612169938518e+03 1.484438648617115462e+02 1.001000000000000000e+03 0.000000000000000000e+00
4.590973235855620260e+03 3.491876907223484636e+02 1.001000000000000000e+03 0.000000000000000000e+00
4.539693447536357780e+03 1.293003620999226939e+02 1.001000000000000000e+03 0.000000000000000000e+00
4.576751243343174792e+03 1.586822384837263655e+02 1.001000000000000000e+03 0.000000000000000000e+00
4.378812082249280138e+03 4.849409417616984683e+02 1.001000000000000000e+03 0.000000000000000000e+00
4.476070823949217811e+03 1.464253453308490975e+02 1.001000000000000000e+03 0.000000000000000000e+00
4.329711964719646858e+03 2.769424982584828285e+02 1.001000000000000000e+03 0.000000000000000000e+00
4.411301895798316764e+03 1.281178289738914202e+02 1.001000000000000000e+03 0.000000000000000000e+00
4.289934428054449199e+03 1.651716094801855377e+02 1.001000000000000000e+03 0.000000000000000000e+00
4.140813671056715066e+03 1.571365594572386328e+02 1.001000000000000000e+03 0.000000000000000000e+00
4.003482539345749046e+03 1.738135292079884664e+02 1.001000000000000000e+03 0.000000000000000000e+00
4.374632750937940727e+03 1.835745204553485053e+02 1.001000000000000000e+03 0.000000000000000000e+00
4.406712668599609970e+03 1.310740212046380861e+02 1.001000000000000000e+03 0.000000000000000000e+00
4.328890098528044291e+03 4.227496105390011394e+02 1.001000000000000000e+03 0.000000000000000000e+00
4.418114352055089512e+03 1.670764007295792624e+02 1.001000000000000000e+03 0.000000000000000000e+00
4.317600773310135082e+03 3.201563145683828111e+02 1.001000000000000000e+03 0.000000000000000000e+00
4.363900140190957245e+03 1.561953294439277045e+02 1.001000000000000000e+03 0.000000000000000000e+00
4.223451830587198856e+03 1.138165041768165224e+02 1.001000000000000000e+03 0.000000000000000000e+00
4.193664845679298196e+03 1.189911052442320880e+02 1.001000000000000000e+03 0.000000000000000000e+00
4.168009797495620660e+03 1.263758752479338483e+02 1.001000000000000000e+03 0.000000000000000000e+00
4.116401756997000120e+03 1.381425755862572373e+02 1.001000000000000000e+03 0.000000000000000000e+00
3.942349641181396692e+03 1.541552663332267059e+02 1.001000000000000000e+03 0.000000000000000000e+00
4.245685829300573459e+03 2.446534506085683063e+02 1.001000000000000000e+03 0.000000000000000000e+00
4.276438892781481627e+03 1.462045933998396379e+02 1.001000000000000000e+03 0.000000000000000000e+00
4.279312365817126192e+03 1.741508590984474836e+02 1.001000000000000000e+03 0.000000000000000000e+00
4.329965385248508028e+03 1.064868160244877089e+02 1.001000000000000000e+03 0.000000000000000000e+00
4.308049508061295455e+03 1.579066506774606751e+02 1.001000000000000000e+03 0.000000000000000000e+00
4.239250149238013364e+03 1.353756680644909807e+02 1.001000000000000000e+03 0.000000000000000000e+00
4.188960973435276173e+03 1.174830860737403526e+02 1.001000000000000000e+03 0.000000000000000000e+00
4.172410323456302649e+03 1.284559300734677834e+02 1.001000000000000000e+03 0.000000000000000000e+00
4.096291425910683756e+03 1.509217751835805075e+02 1.001000000000000000e+03 0.000000000000000000e+00
4.030153244174759493e+03 1.563725135844358363e+02 1.001000000000000000e+03 0.000000000000000000e+00
3.917215334515251925e+03 1.516409089333710085e+02 1.001000000000000000e+03 0.000000000000000000e+00
4.194186580226738442e+03 1.768257002920684897e+02 1.001000000000000000e+03 0.000000000000000000e+00
4.098993306985049458e+03 2.559146200344198974e+02 1.001000000000000000e+03 0.000000000000000000e+00
4.184663066660794357e+03 1.268728053285562112e+02 1.001000000000000000e+03 0.000000000000000000e+00
4.113975134948969753e+03 3.336014360071304736e+02 1.001000000000000000e+03 0.000000000000000000e+00
4.154704048196636904e+03 2.513919899683556878e+02 1.001000000000000000e+03 0.000000000000000000e+00
4.171285848856621669e+03 1.330499674064017768e+02 1.001000000000000000e+03 0.000000000000000000e+00
4.121078800887388752e+03 1.116679073528015778e+02 1.001000000000000000e+03 0.000000000000000000e+00
4.075546086220931556e+03 1.327630709678892629e+02 1.001000000000000000e+03 0.000000000000000000e+00
4.033542974493110705e+03 1.172105491125458343e+02 1.001000000000000000e+03 0.000000000000000000e+00
3.975698774705403594e+03 1.388704537294879628e+02 1.001000000000000000e+03 0.000000000000000000e+00
3.871489893835512248e+03 1.294874694495601375e+02 1.001000000000000000e+03 0.000000000000000000e+00
3.858106707839966020e+03 5.727748001043206614e+02 1.001000000000000000e+03 0.000000000000000000e+00
3.970376675742819316e+03 4.517791868465146763e+02 1.001000000000000000e+03 0.000000000000000000e+00
4.104074883323502036e+03 1.791979698599868129e+02 1.001000000000000000e+03 0.000000000000000000e+00
4.107821179140461936e+03 1.513373710662665985e+02 1.001000000000000000e+03 0.000000000000000000e+00
4.114536357561654768e+03 1.391146931909577518e+02 1.001000000000000000e+03 0.000000000000000000e+00
3.992039526503298021e+03 2.767241650140296088e+02 1.001000000000000000e+03 0.000000000000000000e+00
3.990386874877146965e+03 1.715530714276649746e+02 1.001000000000000000e+03 0.000000000000000000e+00
4.057846978311868497e+03 1.333592864219516230e+02 1.001000000000000000e+03 0.000000000000000000e+00
3.960652794543278105e+03 1.136531177165124120e+02 1.001000000000000000e+03 0.000000000000000000e+00
3.912884697479462375e+03 9.028285856140813337e+01 1.001000000000000000e+03 0.000000000000000000e+00
3.853951729619458547e+03 8.807953627223966464e+01 1.001000000000000000e+03 0.000000000000000000e+00
3.896521145106743461e+03 1.998937236292451587e+02 1.001000000000000000e+03 0.000000000000000000e+00
3.929317116742885446e+03 1.330853579434195524e+02 1.001000000000000000e+03 0.000000000000000000e+00
3.966826766270269673e+03 3.497741638417015793e+02 1.001000000000000000e+03 0.000000000000000000e+00
3.784361740731435475e+03 6.731887347029737612e+02 1.001000000000000000e+03 0.000000000000000000e+00
4.010797310611955709e+03 2.156328214776461323e+02 1.001000000000000000e+03 0.000000000000000000e+00
3.870739750871644901e+03 5.241221717302491925e+02 1.001000000000000000e+03 0.000000000000000000e+00
4.005311156569112882e+03 1.196484734584292369e+02 1.001000000000000000e+03 0.000000000000000000e+00
3.922385637982800290e+03 1.545454381285038039e+02 1.001000000000000000e+03 0.000000000000000000e+00
3.912401531993740264e+03 1.136256988016875482e+02 1.001000000000000000e+03 0.000000000000000000e+00
3.743877430609907606e+03 2.016889265813498184e+02 1.001000000000000000e+03 0.000000000000000000e+00
3.793030132336776205e+03 1.229414710799016177e+02 1.001000000000000000e+03 0.000000000000000000e+00
3.687143562482779998e+03 4.191293895751389300e+02 1.001000000000000000e+03 0.000000000000000000e+00
3.929948795179171611e+03 1.405081353896274265e+02 1.001000000000000000e+03 0.000000000000000000e+00
3.735240741209188855e+03 6.937070528639117128e+02 1.001000000000000000e+03 0.000000000000000000e+00
3.876800277662037843e+03 3.689548183694649879e+02 1.001000000000000000e+03 0.000000000000000000e+00
3.813901612650476636e+03 4.096369099159542770e+02 1.001000000000000000e+03 0.000000000000000000e+00
3.810594858440547796e+03 7.012267144947139741e+02 1.001000000000000000e+03 0.000000000000000000e+00
3.916890530344490799e+03 1.148097096690257359e+02 1.001000000000000000e+03 0.000000000000000000e+00
3.745288664414149935e+03 3.603787071475597941e+02 1.001000000000000000e+03 0.000000000000000000e+00
3.771804763648663538e+03 1.496829450686689995e+02 1.001000000000000000e+03 0.000000000000000000e+00
3.629867793823078046e+03 5.877885090628839180e+02 1.001000000000000000e+03 0.000000000000000000e+00
3.539114768996400926e+03 4.271973673164167735e+02 1.001000000000000000e+03 0.000000000000000000e+00
3.706030007750928689e+03 2.764089317927642355e+02 1.001000000000000000e+03 0.000000000000000000e+00
3.774264613815472785e+03 3.955339141323528338e+02 1.001000000000000000e+03 0.000000000000000000e+00
3.763394721008766737e+03 3.795306311121333920e+02 1.001000000000000000e+03 0.000000000000000000e+00
3.871768836382941572e+03 1.425523480437443311e+02 1.001000000000000000e+03 0.000000000000000000e+00
3.694711232793999898e+03 5.535322416708764877e+02 1.001000000000000000e+03 0.000000000000000000e+00
3.780332474093715518e+03 3.002477215665231824e+02 1.001000000000000000e+03 0.000000000000000000e+00
3.568483149627526473e+03 6.062990964607729438e+02 1.001000000000000000e+03 0.000000000000000000e+00
3.730080772065894507e+03 3.138306271850159419e+02 1.001000000000000000e+03 0.000000000000000000e+00
3.606130275285760035e+03 4.221403911230785297e+02 1.001000000000000000e+03 0.000000000000000000e+00
3.723943808214798537e+03 1.001803483981327787e+02 1.001000000000000000e+03 0.000000000000000000e+00
3.639648255180784872e+03 1.288349893056166593e+02 1.001000000000000000e+03 0.000000000000000000e+00
3.650597898337955939e+03 3.275323306101143430e+02 1.001000000000000000e+03 0.000000000000000000e+00
3.808978951528726611e+03 1.050892582823383776e+02 1.001000000000000000e+03 0.000000000000000000e+00
3.766047942376835181e+03 1.138620411009513873e+02 1.001000000000000000e+03 0.000000000000000000e+00
3.625674119268388949e+03 5.330407011605734624e+02 1.001000000000000000e+03 0.000000000000000000e+00
3.691737756287314369e+03 5.655118863090117429e+02 1.001000000000000000e+03 0.000000000000000000e+00
3.717433531824968668e+03 2.820433593223473281e+02 1.001000000000000000e+03 0.000000000000000000e+00
3.546783423089068492e+03 6.725057378710300782e+02 1.001000000000000000e+03 0.000000000000000000e+00
3.543268449284612871e+03 5.593019710047435638e+02 1.001000000000000000e+03 0.000000000000000000e+00
3.541665741788820924e+03 5.067331738275676116e+02 1.001000000000000000e+03 0.000000000000000000e+00
3.442407740891241701e+03 6.430184816683262170e+02 1.001000000000000000e+03 0.000000000000000000e+00
3.613019723806827642e+03 1.316787355473891807e+02 1.001000000000000000e+03 0.000000000000000000e+00
