4.297716620718826562e+03
4.515915187538927967e+03
4.319545645301834156e+03
4.422500178615316145e+03
4.209539733254011480e+03
4.346046183909333195e+03
4.269294156332181956e+03
4.230361884318477678e+03
4.113467512030999387e+03
4.388601115834359916e+03
4.274560189052563146e+03
4.295785286726210870e+03
4.296202410513013092e+03
4.195654195500266724e+03
4.575345511866635206e+03
4.375088286102523853e+03
4.424889470928485935e+03
4.325299204327365260e+03
4.302121475742529583e+03
4.421373456356293900e+03
