3.929076752540798680e+03
3.647077733968087159e+03
3.640760150501901535e+03
3.838472978277183756e+03
3.030165995641158588e+03
3.606236670956520356e+03
3.419971220966441706e+03
3.715264462458644630e+03
3.731964452684827847e+03
3.602167804279979464e+03
3.484004456827073682e+03
1.854075769832601736e+03
3.689571602687640734e+03
3.682987577753452115e+03
3.806986643678834753e+03
3.622997430052808795e+03
3.791670947982043344e+03
3.502809612692486098e+03
3.571589966863104110e+03
3.614443149282426930e+03
