8.871297161728048195e+02
1.159540267229814617e+03
1.053670149232399353e+03
9.106370196660054717e+02
8.709657309993884837e+02
8.549888460765292848e+02
8.547171500800168360e+02
8.801887815056068121e+02
9.014112676121743561e+02
8.919631176714761978e+02
1.112113896655795088e+03
9.050692886710918401e+02
7.808177668179004058e+02
8.222366077243365226e+02
9.043463442443377289e+02
8.412264163806314627e+02
8.878944753500053366e+02
7.184198799104668751e+02
8.442722892246017636e+02
8.328700910065642802e+02
