2.803054694830263088e+03
2.665173740039961103e+03
2.744749508669301576e+03
2.790216618697239483e+03
2.755860894338410162e+03
2.675697162227849731e+03
2.795722834801166755e+03
7.361188645843260474e+02
2.666256053197497295e+03
2.678069762913259183e+03
2.765954430065106408e+03
2.600565916768092848e+03
2.704500669017431392e+03
2.479012225640049564e+03
2.675718204299700574e+03
2.703453086488907047e+03
2.739365282651481266e+03
2.679715401616130748e+03
2.711452674519806351e+03
2.701014012199642366e+03
