2.693774296596451222e+03
2.687616675078303160e+03
2.701115533514715025e+03
2.730971910064193708e+03
2.668934324292275051e+03
2.697216321767689351e+03
2.685962929230747250e+03
2.690422878217082143e+03
2.700284476027370602e+03
2.685969981929476944e+03
2.714942663499243281e+03
2.735591246100515491e+03
2.688718019884486239e+03
2.689705589788730776e+03
2.705239461541115816e+03
2.676144782921851402e+03
2.723957454709039666e+03
2.693676842445559942e+03
2.700918209656160343e+03
2.714554587996615282e+03
