3.081532745564275501e+03
3.120325902962596956e+03
3.080559462908327077e+03
3.070086501274650800e+03
3.087164458532598019e+03
3.088091875730724041e+03
3.083475304949728070e+03
3.092942628453878569e+03
3.085592503736341314e+03
3.084001924265983234e+03
3.083365342060519652e+03
3.075909070319230977e+03
3.105907905449503687e+03
3.028573749633547322e+03
3.125085812394404002e+03
3.085355995957291270e+03
3.064312638399058869e+03
3.054876138633860592e+03
3.056879977374441751e+03
3.074600901154336952e+03
