3.098816749483060903e+03
3.139173736044415364e+03
3.155861867736696240e+03
3.126417901070082280e+03
3.122768199269105480e+03
3.116010140053838768e+03
3.135529286395924828e+03
3.124410182217586680e+03
3.088521621961523579e+03
3.126868913912892822e+03
3.119777844184524838e+03
3.081171439435845514e+03
3.119997685562992046e+03
3.131988019766083198e+03
3.116506009234812609e+03
3.108107324212010099e+03
3.109167523024963430e+03
3.126297402900958332e+03
3.141253161137597544e+03
3.126730146802898616e+03
