3.089306043067239216e+02
3.018799557239669866e+02
4.213710466649512796e+02
4.424606203803860467e+02
2.963898417999107551e+02
4.608218597976481874e+02
3.055096928648641779e+02
4.513565299076289534e+02
3.029639683295426380e+02
3.095148416789702424e+02
3.137087060107022012e+02
2.895747205079155719e+02
4.482598832666296289e+02
3.033057719293195191e+02
4.216468323671302301e+02
3.029098908799789456e+02
2.963944392686181004e+02
3.068767288854350568e+02
3.148858807113306852e+02
3.094423106936293948e+02
