4.762545321600610464e+02
4.625398115366428442e+02
4.580751422331623530e+02
4.564387074981931960e+02
5.184421772312068697e+02
4.582414176216511805e+02
4.695858161701451081e+02
4.829911388048151366e+02
4.827485064227428211e+02
5.130172753314481042e+02
4.748077774341015242e+02
4.712413763226899164e+02
4.941399088898417062e+02
4.993266030628072372e+02
4.698577837645576665e+02
4.824921124188948625e+02
5.087568639923511569e+02
4.956877540901261341e+02
4.752641104324784465e+02
4.796461094304931976e+02
