5.879838251590352911e+02
5.659062994758385230e+02
5.617727137859286586e+02
7.556336292623099098e+02
5.583153039403737239e+02
5.663944899260936836e+02
5.697941604147468979e+02
5.584818528029558138e+02
5.613240277949424808e+02
6.269470891053279047e+02
5.517834045192777239e+02
5.922888579513713694e+02
5.767294408914982569e+02
8.070634176834173559e+02
5.960122366721243452e+02
5.690058443682619327e+02
7.526519757916413482e+02
5.531497967100241340e+02
5.563126918403180525e+02
5.604198252473753428e+02
