2.740361391930838408e+02
2.261856172996810415e+02
2.325750740456423387e+02
2.291822067703950268e+02
2.500206309214400733e+02
2.476943259482010831e+02
2.331329423245579733e+02
2.677585496786282988e+02
2.486529404749601042e+02
2.644918882587343205e+02
2.431106129537578227e+02
2.567130454468035623e+02
2.421826037463960688e+02
2.489694648099319352e+02
2.565091739261054613e+02
2.425217161636659569e+02
2.665733514510065447e+02
2.745068036458932283e+02
2.462102822586498689e+02
2.389322343217464493e+02
