6.825130280547353323e+03
6.761940910644269934e+03
6.847702604231654732e+03
6.457055505862187601e+03
6.777389994890681010e+03
6.850912889295224886e+03
6.789400097551213548e+03
6.795132576652263197e+03
6.898493428748553924e+03
6.893449865772901830e+03
6.885770184004526527e+03
6.615549516363917064e+03
6.793586658483074643e+03
6.892851740744382369e+03
6.754100038971135291e+03
6.823889818979361735e+03
6.787331761425997684e+03
6.751892823973484155e+03
6.788441493352833277e+03
6.826657046716758487e+03
