6.664823082618115222e+03
6.635470370514351089e+03
6.484951172050171408e+03
6.422154288918835846e+03
6.645593071227442124e+03
6.496131664437883956e+03
6.634119562513868004e+03
6.595891739382471314e+03
6.439221021620209285e+03
6.615637907536333842e+03
6.569801289577404532e+03
6.645044165801173222e+03
6.649625188977457583e+03
6.541492414141016525e+03
6.521526610007972522e+03
6.612555333645684186e+03
6.360509550946157105e+03
6.555004773949993250e+03
6.678138921208739703e+03
6.585997905616376556e+03
