6.444653604188562895e+03
6.216083778142014125e+03
6.418777516127291165e+03
6.426310092124716903e+03
6.589118493123696680e+03
6.301469472681560546e+03
6.503931298928375327e+03
6.534112276841919993e+03
6.356682935810094932e+03
6.520737950673131309e+03
6.368356980973030659e+03
6.592183848148839388e+03
6.625704655036010081e+03
6.430303020134429971e+03
6.408662474011349332e+03
6.380212564833185752e+03
6.404802940389588002e+03
6.487492218429721106e+03
6.460268619815238708e+03
6.353215050679425076e+03
