6.133978562881014113e+03
6.011086590066910503e+03
6.394599383764966660e+03
6.294688290122969192e+03
6.045316554669890138e+03
6.148154383722631792e+03
6.358947750781284412e+03
6.224729627531392907e+03
6.195952029877767927e+03
6.088352496787839300e+03
6.281075853310390812e+03
6.167640661900151827e+03
6.148107437738306544e+03
6.399820014342421018e+03
6.340809210326413449e+03
6.115975509434065316e+03
6.171832582903517505e+03
6.318437317646130396e+03
6.266344349338762186e+03
6.184222103303084623e+03
