6.873201020940587114e+03
6.967745286689259956e+03
6.878059008963658925e+03
6.921918476584474774e+03
6.795957624497464167e+03
6.791695982058137815e+03
6.886151528002443229e+03
6.871666179318307513e+03
6.789331821542828038e+03
6.786789186931799122e+03
6.765259093862244299e+03
6.890628675831554574e+03
6.978544703478039992e+03
6.879773639222281417e+03
1.253944271897622187e+01
2.646769131444273881e+01
6.853786370784212522e+03
6.898225882501055821e+03
6.929219236047267259e+03
6.988826346893514710e+03
