6.551106559735082556e+03
6.584859944480011109e+03
6.528005143121195943e+03
6.430783668241035230e+03
6.536785556016975534e+03
6.380213478843183111e+03
6.583355399239333565e+03
6.526312718733857764e+03
6.592690602446507910e+03
6.508179912190174946e+03
6.488799626945697128e+03
6.561879654080697946e+03
6.447364356141797543e+03
6.554270824759561037e+03
6.497713589136588780e+03
6.566179014048922909e+03
6.425254283107838091e+03
6.589064718569882643e+03
6.364332229520169676e+03
6.541964705769780267e+03
