6.786370891442374159e+03
6.913928884584472144e+03
6.839584677514183568e+03
6.848395909702668177e+03
6.909687702347249797e+03
6.829622542765902836e+03
6.831221073911989151e+03
6.833180930790939783e+03
6.747739447530971120e+03
6.821966466629313800e+03
6.948733062448593046e+03
6.795017609134298255e+03
6.751217976257126793e+03
6.845507794513805493e+03
6.998343788078440411e+03
6.840725720245920456e+03
6.831383196649926504e+03
6.956873636674981753e+03
6.877682682465937432e+03
6.779687666189491210e+03
