7.509807525957186954e+03
7.729361276762911075e+03
7.212420723468485448e+03
7.488823172388839339e+03
7.543023943290901116e+03
6.572085430596234801e+03
7.556562370380449465e+03
7.746720820348555208e+03
7.635737957849396480e+03
7.491317138427861209e+03
7.489236333831926459e+03
7.564639019255341736e+03
7.698976744508860975e+03
7.334573641583556309e+03
7.247017879869583339e+03
7.574623898548356010e+03
7.584342125590521391e+03
7.555245066383402445e+03
7.495202883677325190e+03
7.486955752943429616e+03
