6.425428808335031135e+03
1.388862672940180346e+03
2.142179298990234201e+03
5.534873494536295766e+03
5.480600962760878247e+03
4.826587650386890346e+03
3.345224103173181902e+02
2.428939460718085684e+03
4.220751607274100934e+03
1.613603915779511681e+03
1.832549404732216942e+02
3.935414376503456879e+03
1.183464211093515132e+03
6.202833377562957139e+03
9.000768738711225296e+02
5.993996713808392087e+03
1.982675383417308126e+02
6.901285225398185048e+02
5.215547259788519113e+03
4.893457167960443144e+02
