7.456176001664610340e+03
6.998166752424495826e+03
7.180301857976071005e+03
7.590444767701067576e+03
7.248544868089917145e+03
7.486577859701776106e+03
7.686091527022243099e+03
7.484091953182162797e+03
7.606952995513874157e+03
7.590239442308146863e+03
7.338795338109068325e+03
7.167924400947395043e+03
7.450524478320587150e+03
7.547049676565780828e+03
6.972166221317836062e+03
7.376589226218971817e+03
7.317275612371465286e+03
7.500147635792709480e+03
7.082181738673287327e+03
7.268489594072288128e+03
