6.897648352718807473e+03
6.894910284635317112e+03
6.925927816198748587e+03
6.696683314132881605e+03
7.203308588696036168e+03
6.986815422452835264e+03
6.821243434750936103e+03
6.911377145776434190e+03
7.134819337381889454e+03
7.137850377342248066e+03
7.075843344124894429e+03
7.079049274351171334e+03
7.005622707416375306e+03
6.910479988673406297e+03
7.167488203967051049e+03
7.007955581549243107e+03
6.747081085452083244e+03
6.365177197240566784e+03
6.569159823843734557e+03
6.955297492270394287e+03
