7.973855873937686738e+03
7.663525631923490437e+03
7.580631771070200557e+03
7.910763866117314137e+03
7.688660299464014315e+03
7.680022543429067809e+03
7.826841454687501027e+03
7.781983703576882363e+03
7.999769698451957993e+03
7.559551254412565868e+03
7.852133205161380829e+03
8.012626860035581558e+03
8.158243149346386417e+03
7.653784483702974285e+03
7.751248320315825367e+03
7.613414397063885190e+03
7.781729147423291579e+03
7.532426109454076141e+03
7.924043314282422216e+03
7.755794596712343264e+03
