7.055649261142289106e+03
7.062485001758074759e+03
7.309855927445349153e+03
7.335005318008747054e+03
7.318520888193020255e+03
7.244827725972597364e+03
7.149758107781147373e+03
7.215621590937318615e+03
7.671946280447533354e+03
7.229274207363042478e+03
7.386444127570679484e+03
7.577011165992961651e+03
7.549579419743555263e+03
7.158338518143839792e+03
7.530825061546792313e+03
7.408816751135665982e+03
7.192138249962708869e+03
7.377804818191842060e+03
7.232143948784954773e+03
7.269508485476383612e+03
