3.517034500837156429e+03
3.538410353978996682e+03
3.531100678561493169e+03
3.514579761578219404e+03
3.481553765384749113e+03
3.527633840848378895e+03
3.504958187317571173e+03
3.576271202643883498e+03
3.500974257882545317e+03
3.524117013679721367e+03
3.518761965773822340e+03
3.489287260520556174e+03
3.495939458506905339e+03
3.516851902888695349e+03
3.514580874436102931e+03
3.503009589077870714e+03
3.499208725174854862e+03
3.524348910497236375e+03
1.072233119721012827e+03
3.501351824853467861e+03
