3.567126386981248743e+03
3.580930744128132119e+03
3.552763919661419550e+03
3.581422258947863156e+03
3.590581891984527829e+03
2.643782158726789021e+03
3.551702317979748841e+03
3.581477425572008087e+03
3.584007740652210941e+03
3.532541977918947850e+03
3.536598844361592455e+03
3.554691801489149384e+03
3.587448162492896699e+03
3.579927165342392982e+03
3.542723297655023543e+03
3.611817222279168163e+03
3.591149934963868873e+03
3.542696953522665353e+03
3.568111360614592286e+03
3.561697421808110448e+03
