3.296682595212032084e+03
3.300893730418149971e+03
3.307798588854300760e+03
3.240465059432699491e+03
3.318555099738636272e+03
3.359528039626722602e+03
3.331506534402803481e+03
3.313129523171635810e+03
3.320304262005018700e+03
3.344274924748705871e+03
6.188442976665929791e+02
3.324924707466648670e+03
3.360078813131484367e+03
3.341422577836904111e+03
3.308156096018357402e+03
3.340463870471473001e+03
3.323014144974645205e+03
3.311594609880944972e+03
3.349844358567780091e+03
3.293927866769261527e+03
