6.890255816127759317e+03
6.882201973884358267e+03
6.963511754222334275e+03
6.941291674166413941e+03
6.889867498140423777e+03
6.901025165966257191e+03
6.847894785991309618e+03
6.879128881963172716e+03
6.822221122124205067e+03
6.891823895612319575e+03
6.767099504178295319e+03
6.893825820992053195e+03
6.937617393463049666e+03
6.858013105881482261e+03
6.852044155678230709e+03
6.904459084589240774e+03
6.864736784710481516e+03
6.966138627103031467e+03
6.873333001839558165e+03
6.738509710795697174e+03
