6.166621860000021798e+02
6.076969704645098318e+02
1.658566921546287858e+03
1.927323360576074265e+03
1.955610354936827207e+03
3.108938642279458236e+03
1.725340040466619712e+03
1.797962651644045081e+03
1.234402395943353213e+03
1.641249401119803224e+03
3.145098614467464358e+03
1.701987606218697920e+03
1.582201953425451393e+03
2.140685910319562481e+03
3.100300542035428862e+03
3.116703125322942924e+03
2.011853117793956244e+03
8.209924325759562862e+02
3.127799320598148825e+03
3.076397822155600352e+03
