1.116352741632314746e+03
7.463451600152296805e+02
1.143579189117873739e+03
2.007862217486167083e+03
2.940787204092852335e+03
2.341850232474613676e+03
1.000220756909109468e+03
3.016633739466169573e+03
2.185226569645035397e+03
9.295869640107954410e+02
1.115239082439867616e+03
2.020853766139768823e+03
2.731421740995745040e+03
2.957878644202388386e+03
1.079584610505058663e+03
1.619482208231999266e+03
1.338374383041018518e+03
2.274141428334972716e+03
6.215709736507619709e+02
9.214841404956428050e+02
