6.604547010086399723e+02
5.214418097807507593e+02
6.953421854624558591e+02
8.347543932714839912e+02
7.133268119920700201e+02
9.653781430347517016e+02
1.166351638905484378e+03
1.276070362574695991e+03
1.394181609243000366e+03
9.259105305259877241e+02
1.198920500400921583e+03
5.561030495345690952e+02
5.470142893510349040e+02
1.416801422905168693e+03
6.433277148736107165e+02
7.848767885210986606e+02
6.915049980560154381e+02
8.018732590711954344e+02
9.229566646743946876e+02
5.293221431288422991e+02
