6.872765685255849348e+02
8.587960294714125666e+02
6.860586035240085039e+02
6.612303383368411005e+02
6.825707932673785763e+02
5.590002792021793994e+02
5.517392050372112635e+02
5.067835043553170635e+02
5.466831985741549715e+02
4.844530833271076631e+02
9.298370391641142874e+01
6.412188371612808169e+02
6.880916217045487429e+02
4.982766842191753085e+02
4.578460265015921777e+02
8.944150665103222764e+02
5.320413321272974372e+02
6.535830393561991514e+02
6.985161986426120393e+02
5.015805579709933113e+02
