8.467066701125171448e+02
9.989294202188694953e+02
1.017668679569317987e+03
8.248994095120000338e+02
9.928891099199760220e+02
9.833142032267198829e+02
8.436206920092238306e+02
1.066633909016711186e+03
1.100587118761378179e+03
1.044290630366451751e+03
1.070618445143883946e+03
7.666731622192669420e+02
8.119043776555749901e+02
1.668258823532937640e+03
8.487078698608393097e+02
1.066271776564404490e+03
1.037696175526393063e+03
1.429772615890521138e+03
1.746711397107736047e+03
1.132737143830942387e+03
