6.066420917817790723e+02
8.293000811072017768e+02
3.008950300563989913e+03
7.744779710129844261e+02
1.449094195532357844e+03
1.749719177037202599e+03
2.832032837585969446e+03
2.456506850685510017e+03
3.031428577735019644e+03
1.040577046995129876e+03
1.169934464317451329e+03
1.109513055548847433e+03
2.918971741149463924e+03
1.301972036217263394e+03
1.522616520697932629e+03
2.357521118138284692e+03
1.919669295208012272e+03
2.981583430854837843e+03
3.100427798531665303e+03
2.968479430593637062e+03
