1.065313097759451693e+03
4.922455406609086594e+02
4.517508917215995439e+02
4.656987820808566880e+02
9.362112408250270619e+02
7.634060557168895684e+02
1.154261088351091985e+03
7.564670567410937565e+02
1.333862914980075402e+03
8.720551584484798013e+02
8.240923438660805687e+02
6.001354903046925529e+02
6.971790743409629840e+02
6.993583856529065770e+02
6.846601537719632233e+02
4.437142746952638390e+02
5.504808213274203581e+02
9.673783860211884758e+02
4.656806163761988842e+02
9.082254496060099882e+02
