1.751974898246941848e+03
8.387388730377678030e+02
2.132560103046467361e+02
1.166344794665028758e+03
9.871883212959277216e+02
1.015911212634711660e+03
7.856366058942795689e+02
1.571456627359382310e+03
5.956798378549624431e+02
8.853756436016769840e+02
8.594375022780080826e+02
1.460581968340522280e+03
1.161590365903672819e+03
7.034175576009446331e+02
2.177425937759595399e+03
9.747229254962935556e+02
8.336267784540561934e+02
8.570254984075955917e+02
1.084853274806631589e+03
1.324954791811614768e+03
