8.440828069923533121e+02
2.360580954835245848e+03
3.040131402544511730e+03
1.026707571192072464e+03
2.322421079100470706e+03
1.313003700542918750e+03
9.600174881957543676e+02
1.249847733735775137e+03
6.884212021769293415e+02
1.132467266125899869e+03
9.816006337423589230e+02
3.132668126739529725e+03
3.054813046892226794e+03
1.193620820729944853e+03
1.665041217233463385e+03
9.052266839919924450e+02
1.534228078659214361e+03
2.898422593850277735e+03
1.180647820997010513e+03
1.709296383037308715e+03
