2.899795828814596462e+03
2.833908364221964803e+03
2.961194016570943404e+03
2.810029751602956821e+03
2.188069256416603821e+03
2.857854050788630047e+03
2.827012101739861464e+03
2.785590016802055743e+03
4.870515829593144304e+02
2.830968762738258647e+03
2.876419663722595487e+03
2.577777884224235549e+03
2.905129270195443496e+03
2.889751252808139270e+03
2.812843644988063716e+03
2.876037209203173461e+03
1.822144572156992126e+03
2.921920340601446242e+03
2.081974369509227017e+03
2.873499283877837570e+03
