6.533736798936699415e+03
6.470934024184843111e+03
6.602384588435737896e+03
6.465830037815670948e+03
6.380825892270293480e+03
6.565984993610415586e+03
6.411160302701773617e+03
6.264498138227402706e+03
5.750015008683677479e+03
6.458365036658546160e+03
6.692664250105980500e+03
6.189526463759618309e+03
6.542134682351270385e+03
6.440159141089544391e+03
6.421105162383109018e+03
6.686707728680521541e+03
6.593849123299471103e+03
6.495486528732140869e+03
6.442270139061281043e+03
6.384257068105669532e+03
