5.741688613757205530e+03
6.281249424873010867e+03
5.770716304274999857e+03
6.197998167354916404e+03
6.136801913542581133e+03
6.076071875126642226e+03
5.922977523865886724e+03
6.083579691137937516e+03
5.864370223197798623e+03
6.313302210970151464e+03
6.246122346830336028e+03
6.019953513486992051e+03
6.122487800103284826e+03
6.172490923891656166e+03
6.084268178980679295e+03
6.063073506783463017e+03
6.158254288186917620e+03
5.163237056466267859e+03
5.968733027346849667e+03
6.080065427041025032e+03
