5.392067682201487514e+03
5.867502978061142130e+03
5.867711302968560631e+03
5.697667355178480648e+03
5.491101297776571300e+03
5.418162166830364185e+03
5.558904380150542238e+03
5.663447914112306535e+03
5.459419052055106476e+03
5.797141736793579184e+03
5.921525905219324159e+03
5.553361313283413438e+03
5.827591111662656658e+03
5.561719428490142491e+03
5.659016298970859680e+03
5.737104276838502301e+03
5.808899443452679407e+03
5.706586848515424208e+03
5.846886497510915433e+03
5.739946242110974708e+03
