3.023114111634424262e+03
3.123159563796717975e+03
6.457696123983613461e+02
3.058755586675316863e+03
3.016927461180412138e+03
2.104066304101674632e+03
3.114555733626416441e+03
3.110355261565363435e+03
2.138950595014485771e+03
2.442955652142084546e+03
3.099398988393514173e+03
3.081757656827003302e+03
3.042364933421746173e+03
4.685859976330349923e+02
3.085692647493604454e+03
1.994640670310544920e+03
2.491735893327043868e+03
3.098413133797334012e+03
3.090622209499637847e+03
3.072269602624436175e+03
