3.128224769694340011e+03
3.092204539850829860e+03
3.168976787445030368e+03
3.150404804432691890e+03
2.000718677426084469e+03
3.110623578582231858e+03
1.192880385063129324e+03
3.157351603706142669e+03
3.132200044291958875e+03
3.117108338741982152e+03
7.220152291130990534e+02
3.123456986336240334e+03
2.972845695382642589e+03
3.167204877575530190e+03
3.167252835746714027e+03
3.153076005591270587e+03
3.144023580813234275e+03
3.155407217409368513e+03
3.150268544329859196e+03
3.131247431038756986e+03
