4.510931040582646347e+03
4.779639449404027800e+03
4.229362187649324369e+03
4.883538738714929423e+03
4.715880590706187832e+03
5.064048520076570640e+03
4.920319838978259213e+03
4.700376501737486251e+03
4.665820609261526442e+03
4.502091839925646127e+03
4.869681782199476402e+03
4.423649745557087044e+03
5.237787063545611090e+03
4.369530885338062035e+03
4.995487790210068852e+03
5.338068328968347487e+03
5.110371343200696174e+03
4.911129569527376589e+03
4.153338129786036006e+03
5.269196733412572030e+03
