4.663506112522364674e+03
4.315607798466350687e+03
4.438052245960096116e+03
4.641404528915081755e+03
4.053875119276607620e+03
3.918684721273621108e+03
4.515766144780032846e+03
4.425094992774545062e+03
4.227515701074461504e+03
4.505528653827313974e+03
4.415994590771800176e+03
4.345535701773519577e+03
4.537338639966564187e+03
4.272682090075006272e+03
4.830918444799032841e+03
4.553611067116508821e+03
4.599700246138233524e+03
4.091459515601646217e+03
4.482152463486031593e+03
4.511539703890638521e+03
