5.219652280164139484e+03
4.981261836333616884e+03
5.244608019482241616e+03
4.935294472353973106e+03
5.353633815068698823e+03
4.948931028493042504e+03
5.324622506842314579e+03
5.131353807332323413e+03
5.174855684099745304e+03
5.028714089324017550e+03
5.166017716920878229e+03
5.100882470194181224e+03
5.233142838142375695e+03
5.177620848034638584e+03
4.740596250396244614e+03
4.923494187217505896e+03
5.139595555643139051e+03
5.263028210191922881e+03
4.992723341753212480e+03
5.131622956697216068e+03
