6.565314051500808091e+03
6.514330378400990412e+03
6.536609676627089357e+03
6.422809743666939539e+03
6.474549870538623509e+03
6.358535501930842656e+03
6.541782727320202866e+03
6.394133133306492709e+03
6.606568994489366560e+03
6.386825117910530025e+03
6.497221044339914442e+03
6.621572813185610357e+03
6.443828996840575201e+03
6.494813209677678969e+03
6.369974948618076269e+03
6.314065587774643973e+03
6.535650443655132221e+03
6.497559826049332514e+03
6.540908221884401428e+03
6.473691324805732620e+03
