3.997923247655432078e+03
4.013204075501589159e+03
3.824904474912145361e+03
3.918931474899312889e+03
4.066419181444859078e+03
3.649875256832492141e+03
3.789214418652968561e+03
3.845999137019589853e+03
3.558655677784779073e+03
3.882404435858564739e+03
3.898155102224538950e+03
3.811587988495713944e+03
3.837027861713208495e+03
3.832673442160920786e+03
3.160233356476472636e+03
3.983761527082755038e+03
3.855804019873981815e+03
3.932583733388624751e+03
3.848653515669564513e+03
3.783295146777502850e+03
