3.453510219598879758e+03
2.565884683346265774e+03
3.487747983129933345e+03
3.460210770498812508e+03
3.519185342479172959e+03
1.710897770328400469e+01
3.467113599250385505e+03
3.460512891542613488e+03
3.450869271106749238e+03
3.493829067341528571e+03
1.818569839471208752e+03
3.472819857324842815e+03
3.499922268505228203e+03
3.452617597447368098e+03
3.451291987888864242e+03
3.485835401754385657e+03
3.481401675958798023e+03
3.483835493170090558e+03
3.519441285011771015e+03
3.445206363229383896e+03
