2.002225960655907784e+03
3.699041362802672211e+03
3.467255508990378075e+03
1.846224671252503640e+03
1.411891256547225566e+03
3.598232875655502085e+03
1.863572555180409381e+03
3.667930295537060374e+03
3.628192584940884899e+03
3.623837907537331375e+03
2.660055098316895510e+03
3.600729598277553578e+03
2.195776638800729870e+03
1.010166749902630841e+03
3.570865940357318323e+03
3.603800751642929299e+03
3.638031543975701425e+03
3.634007571871176879e+03
1.663018179976853617e+03
3.622438169177419240e+03
