9.285839581279930144e+02
8.723757995042818720e+02
9.260416540433551518e+02
8.266352896330148496e+02
8.534955462092500511e+02
8.630843435366798531e+02
9.805522661704593474e+02
8.253234435781770344e+02
1.142211017901626747e+03
1.654304650174385188e+03
9.362874031357683862e+02
1.010204602065891095e+03
1.616279844102577954e+03
8.893036993605139742e+02
2.412884227252634446e+03
9.726616517588153101e+02
9.741524481331592824e+02
9.980868372602784575e+02
1.225671592696674224e+03
9.402198525426902052e+02
