3.059404753357248865e+03
2.958016292277308821e+03
2.945651845898270949e+03
2.352655951573379298e+03
2.978593400054883205e+03
2.859566701113403724e+03
3.020314566382623980e+03
2.043278155941953628e+03
1.600330867157289049e+03
3.109876245702744654e+03
2.798196557540449248e+03
3.002384458389592510e+03
2.952124638131599113e+03
2.908610033465651668e+03
2.975026239375364639e+03
2.778742392055290111e+03
3.073886491367514736e+03
3.064885911445850070e+03
2.827525335188642657e+03
2.986526246149759572e+03
