6.068870205005278876e+03
6.046183704130778096e+03
5.979288920898625292e+03
6.154218193296693244e+03
6.203940561069866817e+03
6.136683222399551596e+03
5.967030148443801409e+03
6.051138870718640646e+03
5.966967177833634196e+03
6.110486270555957162e+03
6.057600768769448223e+03
5.427386351336197549e+03
6.002878775401243729e+03
6.069904771891942801e+03
6.047447623777151421e+03
6.182917244964123711e+03
3.241660318712188655e+03
5.965091327819387516e+03
6.088945957706354420e+03
6.171077150309198259e+03
