6.231161570869221578e+03
6.210427810343783676e+03
6.140189286158980394e+03
6.075015981978212039e+03
6.171954311666932881e+03
6.193633534985798178e+03
6.204434222307100754e+03
6.260359299477716377e+03
5.935453558416128544e+03
6.169194716422975944e+03
6.225250513014281751e+03
6.130995151269082271e+03
6.102752303651981492e+03
6.080151830689450435e+03
6.118824234104965399e+03
6.202673545421554081e+03
5.989063442000774558e+03
6.075064299643603590e+03
6.103578788291306410e+03
6.294849553431497952e+03
