8.930204894052689269e+03
8.853986245299258371e+03
8.721171102628726658e+03
8.248972812514735779e+03
8.795389809851447353e+03
8.382101434810301726e+03
8.614229254582496651e+03
8.869088230665145602e+03
8.462346619096852010e+03
8.948340856544060443e+03
8.557662902085647147e+03
8.486489400064434449e+03
8.580438536099893099e+03
8.594735424712129316e+03
8.913155873115845679e+03
8.472291651944166006e+03
8.462503581246677641e+03
8.605452134756376836e+03
8.848881971594462811e+03
8.314812282749215228e+03
