7.340213617147951481e+03
7.059734560632624380e+03
7.444873692820963697e+03
7.035978872596722795e+03
7.502740209115651851e+03
7.151035457221531033e+03
7.212175263653551156e+03
7.157810196074064152e+03
7.335544227323252017e+03
7.452533000489127517e+03
7.138525372480477927e+03
7.398691599006559045e+03
7.276034350333358816e+03
7.548333903555936558e+03
6.973324579367141268e+03
6.948482460776641346e+03
7.564708209494734547e+03
7.254064532746101577e+03
7.648030447275181359e+03
7.302054988755861814e+03
