3.156404338709033254e+03
1.574668417256676094e+03
3.245754033722456370e+03
3.131968882346874580e+03
3.187835149640040072e+03
3.110015748963092392e+03
3.147986142517387634e+03
3.142172047436090907e+03
3.107481019532243408e+03
3.267097182630766838e+03
3.081999245849105591e+03
3.242673754243815893e+03
3.133081085088178497e+03
2.971617761724657612e+03
7.488504791524790107e+02
1.553911795631946916e+03
3.157550662619075410e+03
2.217688210114316462e+03
3.157710889219466935e+03
3.151648450468464489e+03
