7.477812684401329534e+03
7.663889467297233750e+03
7.509810897714844032e+03
7.656577768627214027e+03
7.650674531677387677e+03
7.448243475630568355e+03
7.551358583078679658e+03
7.557080692703599198e+03
7.651822490568853027e+03
7.654180779608783268e+03
7.522243491268955950e+03
7.587658848433054118e+03
7.712844556749683761e+03
7.447155971524045526e+03
7.564887745743517371e+03
7.495260388691727712e+03
7.616843391625116055e+03
7.602855953764564219e+03
7.738352140543468522e+03
7.622954842569513858e+03
