6.644501489835922257e+03
6.778988463011738531e+03
6.551650281675429142e+03
6.522567149553772651e+03
6.375910627334782475e+03
6.584177703520937939e+03
6.457696114992031653e+03
6.479263369268892347e+03
6.668888060239082733e+03
6.640066434133062103e+03
6.914092109017057737e+03
6.721382606322274114e+03
6.657997698143608432e+03
6.633741089037901475e+03
6.754540460897378580e+03
6.502220808684579424e+03
6.305559767822090180e+03
6.584367358285731825e+03
6.594468730968963428e+03
6.611433348243002911e+03
