6.552627329576760530e+03
6.739066204934852067e+03
6.609572307161140088e+03
6.667975999131638673e+03
6.351502248273061014e+03
6.784162780136477522e+03
6.405570589547050076e+03
6.596687842404628100e+03
6.663867878222191393e+03
6.382288089884425972e+03
6.332611544280036469e+03
6.535883816764546282e+03
6.730128236381041461e+03
6.714903657604640102e+03
6.457872397875567913e+03
6.666332282155092798e+03
6.479409225390328174e+03
6.502326053437535847e+03
6.639705141822309997e+03
6.562488568337125798e+03
