3.453474754043193570e+03
2.327648733730030472e+03
3.151316904589122259e+03
2.812063072116189232e+03
9.509033877787338724e+02
8.472153296509121674e+02
1.039297944429285508e+03
3.215373496422395419e+03
3.014475285643801726e+03
9.790163325890439410e+02
8.743466377221329822e+02
3.174166079564840402e+03
2.625824192056726133e+03
2.051006257786003061e+03
1.579442022178227489e+03
3.534848141668610879e+03
1.947358761962851759e+03
1.423560280481764266e+03
2.136297933350745552e+03
2.118718928137089733e+03
