3.217070704239022689e+03
3.240704234444399390e+03
3.245960512863020995e+03
3.219170761899891204e+03
3.235782904353942286e+03
3.243215157067059863e+03
3.226903273729886223e+03
3.250034070479168804e+03
3.228245974120570281e+03
3.191377193466770677e+03
3.164591779458946348e+03
3.208190209864527787e+03
3.217697053048761518e+03
3.254045304756759833e+03
3.226196470610210326e+03
3.248551594007555195e+03
3.248266739533692999e+03
3.265424653461203434e+03
3.215100679680887424e+03
3.255608325075736502e+03
