3.231549148439738019e+03 2.810441226316778796e+01 1.000000000000000000e+03 0.000000000000000000e+00
1.817049058941857993e+03 9.197401710803969763e+02 3.930000000000000000e+02 0.000000000000000000e+00
1.509701289083741813e+03 8.931117088994777760e+02 3.680000000000000000e+02 0.000000000000000000e+00
1.310534673848586635e+03 5.878483005237865200e+02 2.830000000000000000e+02 0.000000000000000000e+00
1.316318059856050013e+03 7.512455827441232259e+02 5.470000000000000000e+02 0.000000000000000000e+00
1.035166291906478818e+03 5.928195537610789643e+02 3.770000000000000000e+02 0.000000000000000000e+00
9.341196141836664992e+02 3.076812216776246487e+02 5.230000000000000000e+02 0.000000000000000000e+00
9.667786186714195082e+02 3.747577734159457918e+02 2.200000000000000000e+02 0.000000000000000000e+00
8.610050669719855705e+02 1.668114391537471874e+02 2.040000000000000000e+02 0.000000000000000000e+00
7.942320826069936857e+02 1.643811169045598604e+02 2.180000000000000000e+02 0.000000000000000000e+00
8.278869543620246532e+02 1.398361935309696946e+02 2.270000000000000000e+02 0.000000000000000000e+00
7.640638279287491059e+02 2.090869831133132664e+02 2.120000000000000000e+02 0.000000000000000000e+00
1.958260437729093610e+03 1.000551774216479430e+03 2.380000000000000000e+02 0.000000000000000000e+00
2.162817723795084930e+03 9.087426623849820544e+02 5.900000000000000000e+02 0.000000000000000000e+00
1.901275584117900962e+03 8.808518774145115913e+02 1.000000000000000000e+03 0.000000000000000000e+00
1.222561945980209202e+03 5.757247480197248706e+02 2.220000000000000000e+02 0.000000000000000000e+00
1.609849371430974315e+03 9.524032173479170069e+02 9.170000000000000000e+02 0.000000000000000000e+00
1.326246868918236942e+03 7.879308910614995511e+02 4.030000000000000000e+02 0.000000000000000000e+00
1.197217196807391247e+03 6.259333852555705562e+02 3.350000000000000000e+02 0.000000000000000000e+00
1.210750309043280822e+03 5.016857870624277780e+02 2.490000000000000000e+02 0.000000000000000000e+00
1.233509596116170542e+03 6.712138545741113376e+02 1.960000000000000000e+02 0.000000000000000000e+00
1.189122136996457584e+03 7.569776607595510995e+02 1.000000000000000000e+03 0.000000000000000000e+00
1.243770814680953208e+03 6.812708333196562762e+02 2.690000000000000000e+02 0.000000000000000000e+00
2.563675386654317663e+03 6.301046750170565929e+02 5.290000000000000000e+02 0.000000000000000000e+00
2.723875906670417862e+03 5.968674662245750824e+02 1.000000000000000000e+03 0.000000000000000000e+00
2.720693896379956186e+03 7.365867530133095897e+02 9.700000000000000000e+02 0.000000000000000000e+00
2.548608304654224867e+03 8.973526047801267396e+02 1.000000000000000000e+03 0.000000000000000000e+00
2.285244476717142334e+03 8.940250791555380374e+02 1.920000000000000000e+02 0.000000000000000000e+00
2.489176384891968155e+03 9.895344137808539244e+02 8.320000000000000000e+02 0.000000000000000000e+00
2.106126933975570864e+03 9.442640966013673278e+02 4.320000000000000000e+02 0.000000000000000000e+00
2.415044960715566049e+03 8.645464194272374243e+02 8.360000000000000000e+02 0.000000000000000000e+00
2.057378262618867666e+03 1.136819640032824282e+03 1.000000000000000000e+03 0.000000000000000000e+00
2.392222363502319695e+03 1.038258969677644245e+03 6.910000000000000000e+02 0.000000000000000000e+00
2.177479071335951630e+03 9.398916658325655362e+02 8.140000000000000000e+02 0.000000000000000000e+00
2.852583128685787869e+03 4.591236367821162503e+02 1.000000000000000000e+03 0.000000000000000000e+00
2.797756873078717945e+03 6.047530690538951603e+02 1.000000000000000000e+03 0.000000000000000000e+00
2.919996840348845581e+03 5.958135786253496917e+02 1.000000000000000000e+03 0.000000000000000000e+00
3.080086942726550660e+03 2.774170219421237107e+02 1.000000000000000000e+03 0.000000000000000000e+00
3.008915230958433312e+03 4.038093658306852376e+02 1.000000000000000000e+03 0.000000000000000000e+00
3.174868801698898551e+03 5.229261057796487933e+01 1.000000000000000000e+03 0.000000000000000000e+00
2.989222914892159224e+03 5.614437339873187511e+02 1.000000000000000000e+03 0.000000000000000000e+00
3.153127388244718077e+03 3.783543277982658424e+02 1.000000000000000000e+03 0.000000000000000000e+00
2.884499466705744453e+03 7.239777137267336684e+02 6.810000000000000000e+02 0.000000000000000000e+00
2.880411056243772236e+03 6.952127480351909981e+02 1.000000000000000000e+03 0.000000000000000000e+00
2.941865198508055528e+03 7.389602128065508850e+02 1.000000000000000000e+03 0.000000000000000000e+00
2.692619679882546734e+03 7.180491364156413283e+02 1.000000000000000000e+03 0.000000000000000000e+00
2.661046724748136512e+03 7.483384660257327141e+02 5.440000000000000000e+02 0.000000000000000000e+00
3.159554322484738805e+03 2.656458554326077248e+01 1.000000000000000000e+03 0.000000000000000000e+00
3.178594878935069119e+03 1.840807731941563574e+01 1.000000000000000000e+03 0.000000000000000000e+00
3.185396405565121313e+03 2.286441644192899147e+01 1.000000000000000000e+03 0.000000000000000000e+00
3.131825457533816007e+03 3.460299035355963611e+02 1.000000000000000000e+03 0.000000000000000000e+00
3.228252585842929875e+03 6.731086996362871844e+01 1.000000000000000000e+03 0.000000000000000000e+00
3.256155498733356580e+03 3.434623468609004249e+01 1.000000000000000000e+03 0.000000000000000000e+00
3.272222282165181241e+03 4.043641391661792994e+01 1.000000000000000000e+03 0.000000000000000000e+00
3.141708377157054656e+03 4.657197321156319845e+02 1.000000000000000000e+03 0.000000000000000000e+00
3.303329751620328807e+03 3.037256718527941857e+01 1.000000000000000000e+03 0.000000000000000000e+00
2.362056299700710952e+03 9.111957983750193080e+02 7.610000000000000000e+02 0.000000000000000000e+00
2.688485557673497169e+03 7.709808017132668283e+02 9.240000000000000000e+02 0.000000000000000000e+00
2.932613831608177406e+03 5.013509824709998952e+02 7.490000000000000000e+02 0.000000000000000000e+00
2.780852907314384538e+03 7.380061568915169801e+02 3.530000000000000000e+02 0.000000000000000000e+00
2.860983419767017494e+03 7.359103004999451514e+02 4.120000000000000000e+02 0.000000000000000000e+00
3.222948706674872938e+03 2.091335484668463707e+01 1.000000000000000000e+03 0.000000000000000000e+00
3.257739543826252884e+03 2.338704412496199581e+01 1.000000000000000000e+03 0.000000000000000000e+00
3.243009310662356711e+03 7.587550148981917175e+01 1.000000000000000000e+03 0.000000000000000000e+00
3.221254089120648132e+03 3.326502793888863607e+02 1.000000000000000000e+03 0.000000000000000000e+00
3.302710230189084541e+03 2.121168055928288254e+01 1.000000000000000000e+03 0.000000000000000000e+00
3.326174197897370959e+03 2.536655601099523594e+01 1.000000000000000000e+03 0.000000000000000000e+00
2.097089637103339555e+03 8.727523534196778883e+02 7.020000000000000000e+02 0.000000000000000000e+00
2.437401649285870462e+03 8.548770876584928828e+02 3.190000000000000000e+02 0.000000000000000000e+00
2.442888233990635399e+03 1.019929649097018682e+03 1.000000000000000000e+03 0.000000000000000000e+00
2.816788072170279520e+03 7.695824052700260154e+02 1.000000000000000000e+03 0.000000000000000000e+00
3.041982464528070068e+03 5.656781247250038405e+02 1.000000000000000000e+03 0.000000000000000000e+00
2.841246667121202336e+03 8.028605534148100560e+02 1.000000000000000000e+03 0.000000000000000000e+00
2.859952468822015362e+03 8.143358502036666096e+02 8.520000000000000000e+02 0.000000000000000000e+00
3.040023020353693482e+03 5.531543315578579723e+02 1.000000000000000000e+03 0.000000000000000000e+00
3.070179074043052424e+03 4.989733696189118177e+02 7.830000000000000000e+02 0.000000000000000000e+00
3.014164362240276660e+03 7.131102205337234636e+02 9.400000000000000000e+02 0.000000000000000000e+00
3.251433277329305383e+03 3.209196795908024455e+02 1.000000000000000000e+03 0.000000000000000000e+00
2.112271222743589078e+03 6.928166247962312809e+02 6.990000000000000000e+02 0.000000000000000000e+00
2.300867428538402237e+03 8.273215247180249889e+02 1.000000000000000000e+03 0.000000000000000000e+00
2.271696696932819577e+03 8.680476397807070725e+02 3.100000000000000000e+02 0.000000000000000000e+00
2.476952958950833818e+03 8.472453503842264126e+02 3.020000000000000000e+02 0.000000000000000000e+00
2.398323271224345717e+03 9.323771705905094223e+02 8.050000000000000000e+02 0.000000000000000000e+00
2.227377897320516240e+03 9.632663543500000287e+02 4.880000000000000000e+02 0.000000000000000000e+00
2.276316567893219144e+03 9.289176977784889004e+02 2.670000000000000000e+02 0.000000000000000000e+00
2.596529970486070397e+03 8.524367800496617065e+02 1.000000000000000000e+03 0.000000000000000000e+00
2.594352562403791126e+03 8.215750150562414547e+02 6.720000000000000000e+02 0.000000000000000000e+00
2.740233631038744079e+03 9.645579935622599805e+02 1.000000000000000000e+03 0.000000000000000000e+00
2.505418980381695292e+03 7.940308264181148843e+02 1.000000000000000000e+03 0.000000000000000000e+00
1.606686514946613670e+03 7.412700609862802139e+02 1.000000000000000000e+03 0.000000000000000000e+00
2.092371814914951301e+03 7.932443529775628122e+02 6.750000000000000000e+02 0.000000000000000000e+00
1.935544077838108478e+03 8.050500385670097785e+02 9.170000000000000000e+02 0.000000000000000000e+00
2.288103228264908921e+03 8.138256950773454719e+02 9.280000000000000000e+02 0.000000000000000000e+00
1.867038701691817096e+03 8.699998567761502954e+02 6.910000000000000000e+02 0.000000000000000000e+00
1.947838803977481120e+03 8.517079187646445462e+02 1.000000000000000000e+03 0.000000000000000000e+00
1.636646708101962986e+03 7.006242165747761419e+02 4.370000000000000000e+02 0.000000000000000000e+00
1.770585577763269612e+03 9.536266309126212946e+02 2.880000000000000000e+02 0.000000000000000000e+00
1.795258810442287313e+03 8.115646815824982241e+02 7.870000000000000000e+02 0.000000000000000000e+00
2.132021275491102188e+03 9.103970278555844970e+02 8.640000000000000000e+02 0.000000000000000000e+00
2.017758609214029320e+03 8.140959316214458568e+02 4.880000000000000000e+02 0.000000000000000000e+00
1.465243035829701967e+03 6.804927074402004337e+02 2.330000000000000000e+02 0.000000000000000000e+00
1.369092685796172418e+03 5.638305239059720861e+02 2.920000000000000000e+02 0.000000000000000000e+00
1.283779974478593203e+03 6.319093907019774861e+02 3.340000000000000000e+02 0.000000000000000000e+00
1.339107816094865939e+03 6.373799303107308560e+02 4.620000000000000000e+02 0.000000000000000000e+00
1.288162553398583668e+03 5.152385453200519123e+02 7.150000000000000000e+02 0.000000000000000000e+00
1.365239099317025193e+03 4.033616980003100707e+02 4.090000000000000000e+02 0.000000000000000000e+00
1.375274799997254604e+03 6.122212908171069330e+02 3.450000000000000000e+02 0.000000000000000000e+00
1.077315107054832197e+03 3.302826298246566239e+02 6.340000000000000000e+02 0.000000000000000000e+00
1.521355347841225921e+03 5.566695976994031980e+02 4.000000000000000000e+02 0.000000000000000000e+00
1.282804047850798270e+03 5.954118105095367355e+02 2.450000000000000000e+02 0.000000000000000000e+00
1.350350954896151734e+03 5.425887422520553400e+02 3.500000000000000000e+02 0.000000000000000000e+00
7.989604566669635233e+02 3.024765801622667141e+02 2.330000000000000000e+02 0.000000000000000000e+00
7.212420761907795850e+02 2.641714398955783167e+02 1.940000000000000000e+02 0.000000000000000000e+00
8.488775028494861772e+02 2.507028947162309578e+02 3.220000000000000000e+02 0.000000000000000000e+00
6.909105179595474056e+02 1.897353223787660284e+02 2.340000000000000000e+02 0.000000000000000000e+00
7.846857045746535277e+02 2.957626690396828053e+02 5.030000000000000000e+02 0.000000000000000000e+00
8.020069206260330930e+02 2.332606375891323864e+02 5.120000000000000000e+02 0.000000000000000000e+00
8.529113145696164793e+02 1.703149594300418528e+02 1.950000000000000000e+02 0.000000000000000000e+00
8.713609392933952904e+02 2.368127224792983725e+02 1.880000000000000000e+02 0.000000000000000000e+00
8.783001620612519673e+02 2.130482302476066252e+02 3.110000000000000000e+02 0.000000000000000000e+00
8.760808099463681629e+02 2.570984789301570004e+02 2.150000000000000000e+02 0.000000000000000000e+00
9.380806220297456548e+02 3.179513365204372803e+02 2.720000000000000000e+02 0.000000000000000000e+00
