5.997209812700901239e+03
5.868490781877071640e+03
5.953797904037232001e+03
5.790998868887716526e+03
6.034389634176517575e+03
6.006892530556046950e+03
6.043996676040663260e+03
6.204142853726199974e+03
4.247696230489947993e+03
6.076382793710382430e+03
6.063120857236229313e+03
5.919536519144802696e+03
6.101201438465793217e+03
5.974414927543577505e+03
6.037939728205824395e+03
5.732144466035382720e+03
5.980271034557590610e+03
5.835635153336112126e+03
5.851369683591497960e+03
5.981979762253011359e+03
