6.691588276005494663e+03
6.595330444672757039e+03
6.781325732353477179e+03
6.769715429048370424e+03
6.699045395284710139e+03
6.735081302463406246e+03
6.705495498424917059e+03
6.717967630482120512e+03
6.435034705729730376e+03
6.755279659850375538e+03
6.748480176727807702e+03
6.717844152104129535e+03
6.700229691163844109e+03
6.755089291924690770e+03
6.675958647974846826e+03
6.766956214452371569e+03
6.808309649332310983e+03
6.742555085461173803e+03
6.733351007454565661e+03
6.806630554012155699e+03
