6.421701559241099858e+03
6.420529521210850362e+03
6.380376242382803866e+03
6.480303613540847437e+03
6.376641530231155230e+03
6.332274875875548787e+03
6.269028425315397726e+03
6.310322433376523804e+03
6.290283488125417534e+03
6.445288833655682538e+03
6.409786851919955552e+03
6.372420028976186586e+03
6.301688659277842817e+03
6.376519687328673172e+03
2.611262830686456709e+03
6.134557097520260868e+03
6.336828284313577569e+03
6.222040783264435049e+03
6.321193873168000209e+03
6.322646685102638003e+03
