4.873928735785324534e+03
5.011664339965373983e+03
5.203213013276787024e+03
4.977674860590490425e+03
4.750369039575248280e+03
4.980120445209633544e+03
4.963862021470312357e+03
5.084013222193102592e+03
5.197147085471910032e+03
4.997193854617294164e+03
5.011176395378126472e+03
4.553312342217103833e+03
5.236729566525923474e+03
4.890908018471321157e+03
4.637957425167538531e+03
4.781320541551610404e+03
5.221876115704584663e+03
5.090374464698573320e+03
5.043655462585611531e+03
5.164214943240715911e+03
