6.927539819511160204e+03
6.953807535701874258e+03
6.904492846205424030e+03
6.940023844560042562e+03
6.910568781044121351e+03
7.036831576879636486e+03
6.890453328731153306e+03
6.921139216124963241e+03
6.952809325654821805e+03
6.896448291836784847e+03
6.862118969897028364e+03
6.749479250441992917e+03
6.904338725643775433e+03
7.005768028846036941e+03
6.862965688900281748e+03
6.944089201330759352e+03
6.855686685659146860e+03
6.840216892969307992e+03
6.912850892535153434e+03
6.915148937295200994e+03
