4.873576841006755785e+03
4.929579200666815268e+03
5.409502046945656730e+03
4.942956229622685896e+03
4.997760410851649794e+03
4.566727996633726434e+03
3.693267699962424103e+03
4.864639554231243892e+03
4.783662991400130522e+03
4.476111324629357114e+03
4.797641351168124856e+03
4.960156917222650009e+03
4.946794684654500088e+03
4.350197916444447401e+03
4.690956098777573061e+03
4.959626002903415610e+03
4.776620379487781975e+03
5.012442926855304904e+03
5.092030491648867610e+03
4.933487683787740934e+03
