8.160194846251212084e+02
8.192938675444909222e+02
1.666504409320204559e+03
8.888201760245110563e+02
1.355022756151535077e+03
9.168594113146374411e+02
8.125803009313253824e+02
1.745871224274057568e+03
8.378896997685988026e+02
1.275064705934213180e+03
9.858405127354139950e+02
8.873355317453485895e+02
8.799492440097302506e+02
1.727304419570551090e+03
8.546828723338529699e+02
8.344936338459882563e+02
8.397393826628122042e+02
1.033338326432722170e+03
8.443906062055912116e+02
1.852375451373237183e+03
