2.639654501214800803e+03
2.639268615447213961e+03
2.644794937051138731e+03
2.673664107000281092e+03
2.668932557738034120e+03
2.678818350285819179e+03
2.664695313761723810e+03
2.667755887397191600e+03
2.642776469444605027e+03
2.663587966744792993e+03
2.664669889777133449e+03
2.661746864086988808e+03
2.638711582041315069e+03
2.669124136025457119e+03
2.674058095636489725e+03
2.688582593624326819e+03
2.662060223713665891e+03
2.659059571969114586e+03
2.670793651455706367e+03
2.670253077494034642e+03
