8.894064798536787748e+02
9.639222594604418646e+02
1.170875361612295364e+03
1.251538748535605237e+03
1.156575742817289438e+03
9.653554241188021479e+02
9.156058481719461497e+02
9.806488876698027752e+02
9.133655323739993719e+02
1.009395273859862527e+03
8.888281582610445639e+02
9.560654316908929786e+02
7.995157611009580023e+02
8.888672341437693376e+02
8.134249952386319364e+02
1.041700793156893951e+03
8.141223116325223828e+02
1.068602171557890188e+03
8.086410036723062831e+02
1.321231700696402186e+03
