3.387410666155218678e+03
1.448437232473082304e+03
1.838342904511148845e+03
1.866090800998450732e+03
3.369331037919004302e+03
1.694920211566104626e+03
1.868103599084826783e+03
1.644030778626483880e+03
3.186055321239365639e+03
3.379613878546359047e+03
3.351505142572308614e+03
3.349246581235018766e+03
2.483080447975354673e+03
3.315340837646910131e+03
3.016874867020784677e+03
3.396828607257140902e+03
3.374310135695108784e+03
3.367756352176355449e+03
3.344275027761332694e+03
3.356080327685095654e+03
