1.532503884299453830e+03
2.591234889853617005e+03
1.314522600266290056e+03
3.217194424623573468e+03
1.814971397706985954e+03
3.225310812142277427e+03
3.194826754283624268e+03
3.223299156546716404e+03
9.957266965494374062e+02
1.183798425989445605e+03
9.473504936598859558e+02
3.235938841588410014e+03
3.192249285977046839e+03
3.225365271408851186e+03
3.166315139013373482e+03
3.281672368134557473e+03
9.568267726473084167e+02
2.790901687299631249e+03
3.232549907967932086e+03
3.233432727107216579e+03
