3.658676803234885028e+03
3.638230497068312161e+03
3.661190718895316877e+03
3.650788642125087790e+03
3.652016855821080753e+03
3.664359273987005508e+03
3.642646233836229840e+03
3.668189118785028313e+03
3.663705622163397038e+03
2.669533989563371051e+03
3.633634849176343778e+03
3.660584910144194055e+03
3.642558804930365113e+03
3.663654705275889683e+03
3.636742936043788632e+03
3.699747658905759636e+03
3.662400770186551654e+03
3.655399332958038940e+03
3.624826485794773816e+03
3.674798375712279267e+03
