6.398616501304475605e+03
6.693215626372197221e+03
6.485502448343381730e+03
6.473464216764494267e+03
6.442839580782635494e+03
6.551553786575342201e+03
6.460530412428482123e+03
6.501362492464315437e+03
6.397617440458421697e+03
6.512669081829690185e+03
6.604255543841649342e+03
6.412796911849892240e+03
6.584369579672287728e+03
6.570123840474696408e+03
6.562559799028056659e+03
6.454960991949223171e+03
6.784540039480560154e+03
6.538662851714272620e+03
6.560657702889005122e+03
6.429858758680566098e+03
