6.117399163457505892e+03
6.038002677091505575e+03
6.035640420052302943e+03
6.177016590532590271e+03
6.064483128032405148e+03
5.959796096205567665e+03
6.052409721718981018e+03
5.846728567315197324e+03
6.149504630900109987e+03
6.029481226320524001e+03
6.047758254376842160e+03
5.995234484084050564e+03
5.961369037452175689e+03
6.127912344661212046e+03
5.937305254365372093e+03
6.214520383192276313e+03
6.142193036018512430e+03
5.923880914657986068e+03
6.069998258289157093e+03
5.994232779529312211e+03
