6.707895953042892870e+03
6.790795337759864196e+03
6.795022623500507507e+03
6.857602807003363523e+03
6.693922217199078659e+03
6.729870391734368241e+03
6.845053521274785453e+03
6.666418472755287439e+03
6.776202881940153020e+03
6.784330090743223082e+03
6.908743966626865586e+03
6.684126663600291067e+03
6.733188463514117757e+03
6.705588629726493309e+03
6.580217089189140097e+03
6.720722855801954211e+03
6.859019318151124025e+03
6.761324098003501604e+03
6.696938464096011558e+03
6.643517946776687495e+03
