6.495962861073175191e+03
6.478477065902514369e+03
6.518386558512617739e+03
6.469380672522906934e+03
6.468066047223244823e+03
6.391082515094130940e+03
6.584932425979477557e+03
6.395103208889441703e+03
6.450015261212111000e+03
6.470139984681646638e+03
6.530935819867871032e+03
6.453012647671251216e+03
6.408484367443602423e+03
6.565802037171355551e+03
6.582622755501046413e+03
6.509386346805438734e+03
6.598085448458412429e+03
6.531371614255784152e+03
6.619745648476424321e+03
6.561471796461824852e+03
