5.983025961958913285e+03
5.954570362863149057e+03
6.007620728212079484e+03
5.811432451869118267e+03
6.025014267786847995e+03
5.889883958524104855e+03
6.098719832745749954e+03
6.058515658494327909e+03
6.123382318961535020e+03
5.982051315106084076e+03
6.087143089248591423e+03
5.916395855819575445e+03
5.706880620939157780e+03
5.909408364156463904e+03
6.125669547773964041e+03
5.960509214784259711e+03
5.868350110358457641e+03
5.966151444076837834e+03
6.029702359005223116e+03
6.080322895313403023e+03
