7.824543059954638011e+03
7.708056497290139305e+03
7.751602124169233321e+03
7.775741624432491335e+03
7.763620484577520983e+03
7.827435235918339458e+03
7.760455648323581954e+03
7.800077456722503484e+03
7.742865897584485538e+03
7.893663005676935427e+03
7.841077424061773854e+03
7.811185676076429445e+03
7.811920049281397951e+03
7.752332744612883289e+03
7.776123451061661399e+03
7.804414376987344440e+03
7.773266959015014436e+03
7.895036606032690543e+03
7.813726506308697935e+03
7.625888976566489873e+03
