6.065373085851955693e+03
5.922152171458640623e+03
6.089232203183300953e+03
5.990225270327437102e+03
5.849780874186253641e+03
5.913633916326782128e+03
6.000047461370497331e+03
5.962745563452835995e+03
6.125228749822519603e+03
5.964170213931034596e+03
5.813244749147290349e+03
5.994357506246168668e+03
5.427360320827265241e+03
5.601733466297071573e+03
6.053594351119390922e+03
5.938885554366390352e+03
5.953599906120178275e+03
5.957385182582525886e+03
5.868103890880840481e+03
6.048407140091399015e+03
