6.242513234239999292e+03
6.430355058400781672e+03
6.313046744360748562e+03
6.258987633340519096e+03
6.465552198316249815e+03
6.133710446588418563e+03
6.246861060809346782e+03
6.340250790412508650e+03
3.474283540786590038e+03
6.338005316917308846e+03
6.083563802422640038e+03
6.174702623849951124e+03
6.342548033175177807e+03
4.221498498032713542e+03
6.343572188777334304e+03
6.368892223184900104e+03
6.269126533815769108e+03
6.059357866150548034e+03
6.064297046775749550e+03
6.322018945388211250e+03
