7.460837175395025042e+03
7.451334555365959204e+03
7.474557958580698141e+03
7.520394046942972636e+03
7.389548308032433852e+03
7.363229246648371372e+03
7.289324195948845954e+03
7.367077971321647965e+03
7.393277286756972899e+03
7.508073535460351195e+03
7.485721458148394959e+03
7.295656249710365046e+03
7.526019059016340179e+03
7.566592820039225444e+03
7.435790182236755754e+03
7.517142430652243092e+03
7.359714480385639035e+03
7.373839404043797003e+03
7.534324365750628203e+03
7.499516465306107420e+03
