3.043503614187582116e+03
3.170553108259290184e+03
3.000735644478008908e+03
2.899089523808783269e+03
3.152108701591283079e+03
2.916538482744666908e+03
3.118403193580676543e+03
3.044012418631938090e+03
3.125182787204608758e+03
2.779596070397403764e+03
3.049307118975808407e+03
2.933344592219874812e+03
2.911801256354929592e+03
3.058295891897915226e+03
3.090290733800062299e+03
3.006990473784959704e+03
2.968280529724121152e+03
3.088368912428863496e+03
3.019474209162805892e+03
3.108443696299508247e+03
