1.400547195600243413e+03
1.360321626148931045e+03
1.405178448828239652e+03
1.346824209457820189e+03
1.377842473160385907e+03
1.384240051950008365e+03
1.397881980685815734e+03
1.384196703128698573e+03
1.359982781885359145e+03
1.360834162424493570e+03
1.361791702960826569e+03
1.356907670658902362e+03
1.382392812463660903e+03
1.360599704837529089e+03
1.365547512122301896e+03
1.379684350558622555e+03
1.384237965390938825e+03
1.403183175972194249e+03
1.389699418325704983e+03
1.349574458458156414e+03
