6.232867937224742491e+03
5.931420019562719972e+03
6.317644611936379079e+03
6.118488016199209596e+03
6.072763879657265534e+03
6.087267345492368804e+03
6.180125003581195415e+03
6.187812119959298798e+03
6.214827232677012944e+03
6.123685934202288990e+03
6.181316077816714824e+03
6.206911282196717366e+03
6.088634171537482871e+03
6.257107493882514063e+03
6.016927779580671086e+03
6.118482182925095913e+03
6.073752443757342917e+03
6.155660336636434295e+03
6.189528374507141962e+03
6.130332589318646569e+03
