6.271053604705194630e+03
6.055751982922924981e+03
6.175420670096382310e+03
6.194738203081590655e+03
6.159889341708748361e+03
6.203407560247310357e+03
6.168568181293727321e+03
6.277722581378256109e+03
6.253176926324949818e+03
6.307311461310885534e+03
6.350609980679562796e+03
6.278526522368279075e+03
6.222110590816506374e+03
6.257370142658092846e+03
6.179415714135700000e+03
6.213439819241299119e+03
6.141160264677848318e+03
6.254903070906865651e+03
6.313486874178951439e+03
6.315848986984628937e+03
