6.253683959353201317e+03
5.032870075556416850e+03
6.244135191945148108e+03
6.334337965484466622e+03
2.939123819289230596e+03
6.231408126770085801e+03
4.138735559307309813e+03
6.138709767602073043e+03
6.064159732283560515e+03
6.238319549575553538e+03
6.122644318190062222e+03
6.280906687619176409e+03
6.054684497702024601e+03
6.517322893592368928e+03
6.378558156596809567e+03
6.254816122308334343e+03
4.326069619063657228e+03
6.204819226462479492e+03
6.223756689184639981e+03
6.301679253530011920e+03
