2.148731654749580684e+03
3.023598876592383931e+03
3.044556602120743719e+03
3.004598955780827964e+03
3.023566487527653408e+03
3.011147561017512544e+03
3.043186736282978472e+03
3.076065132115311371e+03
3.078209625411224806e+03
3.039856890160045168e+03
3.053383079180847290e+03
3.021085832428170306e+03
3.061005615792368189e+03
3.067993299317705350e+03
3.089144966095114796e+03
3.044316878297942367e+03
3.010706345587074793e+03
3.047339815156672103e+03
3.061577772333771463e+03
3.030072894473652923e+03
