3.244796817023720905e+03
1.108228418315091858e+03
3.256698394503097461e+03
1.525325479686996687e+03
1.399322755677436135e+03
3.307973039616040751e+03
1.239986028726684935e+03
1.756975762648052523e+03
3.305753554627663107e+03
1.569235565469306266e+03
3.294246179121454588e+03
1.006652398199830714e+03
3.221254767327330228e+03
3.415116581604174826e+03
4.569257218227307931e+02
3.306923307598294286e+03
3.221833415912339660e+03
9.898788020007683599e+02
3.247587291545995868e+03
3.325135520395057938e+03
