3.488857643339973492e+03
3.488772117764882751e+03
3.479155360279035904e+03
3.471099458145094104e+03
3.516413971556098659e+03
3.468777376686415664e+03
3.496000915972122584e+03
3.483062409330268565e+03
3.441592909189457714e+03
3.488009395741022217e+03
3.359487785871651340e+03
3.500574019462273554e+03
3.511769017222325147e+03
3.474411601533400244e+03
3.471780988117509878e+03
3.436150484237658475e+03
3.515073512600951744e+03
3.494904983380126396e+03
3.506110567914197418e+03
3.479586867230646931e+03
