8.388962025963948690e+03
8.483918390911203460e+03
8.472101716061020852e+03
8.782556605676552863e+03
9.033551898250439990e+03
8.919114792527438112e+03
8.846625372453721866e+03
8.484779727714327237e+03
9.148316397699723893e+03
8.794920906212217233e+03
8.532974387030923026e+03
8.681754260313378836e+03
8.690214622033476189e+03
8.501293903906744163e+03
8.714812973426953249e+03
8.863652061176433563e+03
8.676118047685004058e+03
8.479850558448006268e+03
8.892212910944735995e+03
8.573652698970581696e+03
