6.957719265861611348e+03
7.209902713426923583e+03
3.003025694264732010e+03
7.960926858505412383e+03
7.262224130532562413e+03
7.035694398619582898e+03
7.165126735692046168e+03
5.787522488003363833e+03
4.977894682457910676e+03
7.754374916374960776e+03
7.876826491029594763e+03
7.628281527025759715e+03
7.211821114368417511e+03
6.781791344015107825e+03
6.510021188352749959e+03
6.902424553357369405e+03
7.239424504807233461e+03
6.429055326072590105e+03
6.904221311250827057e+03
7.065706969560561447e+03
