2.016271876432191448e+03
9.294058366181922111e+02
2.023539298086118379e+03
2.030953766228672976e+03
1.999901625185678540e+03
9.622459760109522904e+02
2.543050369607082303e+03
9.533305098756565030e+02
1.001831978405847963e+03
1.450821129703204406e+03
9.296274440973074888e+02
2.052438478939397100e+03
3.012993642312666452e+03
2.963628972281091137e+03
3.009504218771910928e+03
9.438268661019174033e+02
9.445714799493694045e+02
9.376666050138908304e+02
1.289725059247370154e+03
9.269210083233145951e+02
