1.319533252215487664e+03
1.601964645098521260e+03
1.291487220011994395e+03
1.756934576587138508e+03
1.173051042493143541e+03
2.970207775583493913e+03
1.275701503594871610e+03
1.782118091859410697e+03
2.891701612672444753e+03
1.681965238442728833e+03
2.126953435012155751e+03
2.883617403621686208e+03
1.287069894070009695e+03
2.875006227519606909e+03
2.897063228601583432e+03
1.731058217121677217e+03
2.951581330996184079e+03
1.722435030845190568e+03
2.996754388603877942e+03
2.982276631317368356e+03
