2.891204244572606967e+03
2.109365056196441856e+03
3.314433384719980495e+03
2.427731705339621840e+03
2.174375662446496335e+03
1.448236297290929087e+03
3.514139241994963868e+03
3.289077020698153319e+03
3.433378217027537630e+03
1.574872114323844244e+03
1.485178391943613406e+03
3.307063702290467063e+03
3.247752933344827852e+03
1.519120632991879347e+03
1.054016730724143144e+03
3.225861656779185523e+03
3.246695218880960056e+03
2.964094496520028315e+03
6.691771739038124451e+02
3.266464127591572378e+03
