3.525596770872606612e+03
3.461050953302031758e+03
2.325160599008828740e+03
3.460834712414031856e+03
2.517321580728279514e+03
3.699713765354358657e+03
2.609472441835072459e+03
3.471108525332874251e+03
3.389149682041963842e+03
1.498927495214179999e+03
2.111570154073886442e+03
3.491050520755882644e+03
1.837880827033813375e+03
3.459727742010151815e+03
3.469031678091008871e+03
3.452496949385520111e+03
1.664700487040099461e+03
2.209268519093879604e+03
1.697853470544888523e+03
3.499814493382655201e+03
