5.251750177441508640e+02
5.481242992411600881e+02
5.516900374829639304e+02
5.250901314060969298e+02
5.013140706863730429e+02
4.840644939025875146e+02
4.971949101705602629e+02
5.634427009646077522e+02
4.737683432063431042e+02
4.855529098771316399e+02
4.844636809882293846e+02
5.460566534569604755e+02
5.289943117000789243e+02
5.045731890896356049e+02
5.198692448362249934e+02
5.529591653220956005e+02
4.728999293448371191e+02
4.627165180855556059e+02
5.114451841795963105e+02
5.092745080543867289e+02
