3.241834432372259016e+03
2.679031197592852550e+03
3.329674462964914255e+03
1.793733326354109522e+03
3.400934709000743624e+03
3.291144959503421433e+03
3.411580835968311476e+03
3.554501817606006625e+03
3.303757240317317155e+03
2.664733999707375006e+03
1.864360740890707575e+03
2.083388548580136103e+03
2.214724723067985451e+03
3.164756664099050795e+03
2.105027906192874070e+03
2.490768012401852502e+03
2.969610852168070778e+03
1.716328263544576203e+03
3.367745488358672901e+03
1.819930327126017119e+03
