3.246904496751280931e+03
3.222717038652608608e+03
3.285813669149475572e+03
1.036561200929979350e+03
3.235524521236519831e+03
3.267426970814629385e+03
3.256858336166457775e+03
3.247658277170020938e+03
3.266521682598616280e+03
3.274216935152280712e+03
2.762900853716317670e+03
3.276226429711144192e+03
3.294192816999086517e+03
3.250275792540103339e+03
3.289326203997765788e+03
3.259117134550560422e+03
3.284068162736072736e+03
3.276686740454419578e+03
3.261577195220482736e+03
3.254636733716723484e+03
