3.527512332553913893e+03
2.393797475499693519e+03
2.299419394127179203e+03
1.473574389146340309e+03
3.301698308239402650e+03
3.505027212680995945e+03
2.793363840250916383e+03
3.266385024257903751e+03
7.328502915679140415e+02
2.402684418602982987e+03
3.244443890786884822e+03
2.184978907097788124e+03
3.314765749480410250e+03
3.409265064426285335e+03
2.962585947779417893e+03
3.728539370688248255e+03
3.329967261528040581e+03
1.983285021213969230e+03
3.385433238223707576e+03
3.420439056642929245e+03
