5.993384449250488615e+03
5.966657201483040808e+03
5.599510241713837786e+03
6.019743678337919846e+03
5.767943939134995162e+03
5.956176494484237082e+03
5.897657191848311413e+03
5.944995783059169298e+03
5.653850894703082304e+03
5.828540531517804993e+03
5.944775152722068924e+03
5.856678799099364369e+03
5.965048083787813084e+03
6.010219021618620900e+03
6.004150092609836065e+03
6.064113546730958660e+03
6.089508029950664422e+03
5.929440971681066912e+03
6.008562146714229129e+03
5.831967510498853699e+03
