6.254224351598428484e+02
8.285493335431081050e+02
6.168924692790819790e+02
6.077173083259293662e+02
6.126012276037445190e+02
7.613173096843564736e+02
6.204436176474980584e+02
6.834951362873829339e+02
6.245354430679889219e+02
6.119757484917901138e+02
7.690006477552382194e+02
8.054029176270290691e+02
8.747732581635350471e+02
9.350892759456622798e+02
6.749041114798351373e+02
6.384397995993305130e+02
5.954952415570372750e+02
6.720333430668049459e+02
5.870493818107029256e+02
5.938541602085850855e+02
