1.042075850088076550e+03
9.675223669220105194e+02
1.146170792403910355e+03
1.044558512878513739e+03
9.287308420882940254e+02
8.089243377133112745e+02
9.299797338982058363e+02
1.145274959229377600e+03
1.417706229722597982e+03
1.272976128836945691e+03
9.148277220283316638e+02
1.214135970813013728e+03
9.051443071393416631e+02
5.127644556638537097e+02
1.178593634516268139e+03
1.076067047565946723e+03
9.026664171690891862e+02
9.724925446024285520e+02
7.868435481737083137e+02
9.015027395214829085e+02
