3.262885019514286796e+03
2.385342220620071657e+03
3.218949472391890595e+03
3.255103551552394038e+03
3.224140691401978074e+03
3.233141420179011220e+03
3.276915041151614787e+03
3.241038970049267846e+03
3.241715535041621024e+03
3.241285005245864795e+03
3.255807395249400997e+03
3.206079847009399600e+03
3.245887532716527858e+03
3.221078472410090399e+03
3.255010921770735877e+03
3.245920346834826432e+03
3.274603961218333097e+03
3.255108420385899080e+03
2.504814936550529183e+03
3.272549880226966707e+03
