3.330263867581625618e+03
3.368011506729853409e+03
3.460576985606185190e+03
2.429331014133334975e+03
9.372970882728033075e+02
3.400529346763526064e+03
9.263483058395969465e+02
3.460585957502970814e+03
2.152626423793391950e+03
3.355808475637281845e+03
3.450274977984730867e+03
3.382886023510131508e+03
2.472129746947886360e+03
3.369774414190376319e+03
3.385978434311122328e+03
3.230470122813677335e+03
1.583606860260147869e+03
1.770749998104453880e+03
1.478024921348273665e+03
3.563188574878032796e+03
