4.438754888730824746e+02
4.132899382682824694e+02
4.247049041673316196e+02
4.510366234288100600e+02
4.561921046420786752e+02
4.729125030242565799e+02
4.526262875830011012e+02
4.416080158263955582e+02
5.202455495188414716e+02
4.112082779828991193e+02
4.239378827520659456e+02
4.228165314700239605e+02
4.395487197147600682e+02
5.149980025557416639e+02
4.296096388441325757e+02
4.070835258743886698e+02
4.336712910158020122e+02
4.358615511453694467e+02
4.268446832455830418e+02
4.201147821866043159e+02
