9.645049043160959172e+02
9.399397253737171241e+02
1.126745845941900370e+03
1.036241666547885416e+03
9.160588711916460625e+02
8.489341151504598884e+02
1.071518740710495194e+03
1.018606963223343882e+03
1.132331044152567529e+03
1.144979406254337391e+03
1.037443614384824741e+03
9.707812631755238044e+02
1.027363948020592943e+03
9.302586493567208663e+02
1.140047917950783813e+03
1.080230666444062990e+03
9.409555975637392748e+02
1.071655184964706905e+03
9.467444435439983863e+02
8.971611386165850490e+02
