3.637274092212260712e+03
3.633810834394299036e+03
3.555099856101166552e+03
3.562229026124527991e+03
3.580947525470549408e+03
3.557572633690173916e+03
3.534948703623026631e+03
3.291798848097355403e+03
3.539628945412517169e+03
3.557655175101313489e+03
3.304523423281115811e+03
3.516287988186501934e+03
3.559483668064062385e+03
1.570121827201160386e+03
2.507857424050236659e+03
3.322285922264980854e+03
3.668477481475034892e+03
3.559018336758704663e+03
2.362815327474808782e+03
3.546961829874693194e+03
