2.791422264204216845e+03
3.132222612193316763e+03
2.375455434081917247e+03
7.564485562587959748e+02
2.003690070680181634e+03
3.927437026394519762e+03
4.030032247948693112e+03
2.884401744016340672e+03
2.801602747543180158e+03
2.395566597892237951e+03
2.287766810260117381e+03
2.611901058927031499e+03
3.162105777920903165e+03
3.485230383572634310e+03
2.832965753455011509e+03
3.026911041604337242e+03
3.906184483672228907e+03
2.758735549259937216e+03
3.904443568791206872e+03
3.051132247483765241e+03
