3.333592398221218446e+03
3.302200978464206855e+03
3.298296159627990164e+03
3.308714089191637868e+03
3.238919426825752907e+03
3.356165993325978889e+03
3.719848508045922699e+03
3.268909449625583420e+03
3.357624617925198891e+03
3.281724956202041540e+03
3.268944060807788446e+03
3.319726436125828513e+03
3.291787252695905408e+03
3.305721046097158251e+03
3.389891039042398461e+03
3.431351380319089003e+03
3.413348579335091472e+03
3.391630068292314263e+03
3.301913918568824101e+03
3.385905525061570188e+03
