8.701621300704250643e+02
8.734108425889546652e+02
8.875813541748452735e+02
7.811533692264296178e+02
8.424123368124907074e+02
8.379807238765259854e+02
9.161203379308786907e+02
8.609057619075839511e+02
8.871165046305247870e+02
8.114293199161223811e+02
8.860913557013337822e+02
8.397336496628373652e+02
8.184490263003471000e+02
8.343040262888368943e+02
9.130825154217367299e+02
9.036806483714575506e+02
9.265543528131115636e+02
9.333338892343986117e+02
8.294893247837530907e+02
8.947895697916910649e+02
