1.131722940974628500e+03
1.831366924586193818e+03
3.555878095412571383e+03
8.675429047359516517e+02
1.001486131123274390e+03
7.904173853968637786e+02
2.104943742797965569e+03
8.489621845689442807e+02
3.699862398131099781e+03
2.229665645826483797e+03
1.008986991258111857e+03
1.615402805356285626e+03
1.445256133397702342e+03
1.591836580223469355e+03
1.302513551723212458e+03
1.465513382622311156e+03
1.534099344041648237e+03
8.743006538244831063e+02
1.200951338371684415e+03
2.885281983753076474e+03
