2.651039469014301631e+03
2.626107691120696472e+03
2.666541713141582932e+03
2.618867049508944547e+03
2.634976596731731206e+03
2.654233868219334454e+03
4.892373482330222600e+02
2.608311250514321728e+03
2.678305093791932904e+03
2.626927120180551356e+03
2.677383604351737176e+03
2.661031395568642438e+03
2.686131084761289458e+03
2.655192324314310099e+03
2.680360684196571583e+03
2.678024890737444366e+03
2.642223178003375779e+03
2.674848232433890189e+03
2.680620511416898353e+03
2.616577733611250096e+03
