7.670644940376319028e+02
8.272655304892231243e+02
7.559776089767607345e+02
7.254166746215281592e+02
7.778105722413845342e+02
9.586023441325419299e+02
7.525784377099654421e+02
1.332196917140599226e+03
9.177864898444756818e+02
1.278829164406608925e+03
8.423108073171922570e+02
7.608329151646297532e+02
8.902740390950961000e+02
8.283676674085232889e+02
7.502860295726479762e+02
7.284100183113097273e+02
7.356276272185397147e+02
1.191385454028279128e+03
7.499817820106401314e+02
8.656939191200465302e+02
