2.847788553142755063e+03
2.853912942708288483e+03
2.869031193130209431e+03
2.878411984548080000e+03
2.835937042411336279e+03
2.856011962930958362e+03
2.885014520001567234e+03
2.860657067916688902e+03
2.897168248019346720e+03
2.865723383623336758e+03
2.889725612758799798e+03
2.873239031736236029e+03
2.857559251786641653e+03
2.851942370528420724e+03
2.861783641906966295e+03
2.862387542623996978e+03
2.853745422629710902e+03
2.884783873674029564e+03
2.848783320920012557e+03
2.872114639157592137e+03
