2.633509111292583384e+03
2.640588796606319647e+03
2.627681658702158074e+03
2.649257088770206792e+03
2.600695554053761498e+03
2.588937157131199456e+03
2.662036980477397719e+03
2.570886617369571923e+03
2.612341208228679534e+03
2.624843392077358658e+03
2.619010360395223415e+03
2.608848401865727283e+03
2.547798073598290102e+03
2.647401782186803302e+03
2.597593905606629960e+03
2.589700631773097939e+03
2.661079057829414978e+03
2.588763010383681831e+03
2.640551358342807816e+03
2.670227314736563585e+03
