2.837804024397723424e+03
2.746634676765131189e+03
2.778576433129595443e+03
2.821656917232771320e+03
2.789480305571290046e+03
2.750214504489136743e+03
2.755701104009719529e+03
2.758349174000646599e+03
2.759410867214496193e+03
2.788168221375718531e+03
2.774339683018597952e+03
2.787789699645812561e+03
2.768868984887505576e+03
2.782314506146519761e+03
2.821160354824769456e+03
2.764697397504155106e+03
2.826296379363174310e+03
2.799712384818892588e+03
2.782302532166888795e+03
2.764431372413558620e+03
