2.740664236848590008e+03
2.817325251703034610e+03
2.891829253810410592e+03
2.823908201315226052e+03
2.803735843926710913e+03
2.847132095018907421e+03
2.767633624466145648e+03
2.359359920558902957e+02
2.808937985080637645e+03
2.836200231576424812e+03
2.854294775425033095e+03
2.825483694100474167e+03
2.830038288217898753e+03
2.825014734988720647e+03
2.868585559760452270e+03
2.809764199000461304e+03
2.785141032276795613e+03
2.814562947750548574e+03
2.808781088665635252e+03
2.840096104018817641e+03
