2.794892760550305866e+03
2.775256084512293910e+03
2.862276908545503375e+03
2.848044971145923228e+03
2.693873752178034010e+03
2.854452092743470075e+03
2.709297282758933306e+03
2.745059547554312758e+03
2.809922789575888146e+03
2.733866478919709607e+03
2.789671568488520279e+03
2.865405513332284954e+03
2.813771115231272688e+03
2.803576168593313923e+03
2.781950167593517563e+03
2.819442869514591621e+03
2.753160165726761079e+03
2.703747747287601669e+03
2.792976519795256991e+03
2.768880863222265361e+03
