2.812867133661524804e+03
2.846125210496288219e+03
2.845415938960046333e+03
2.833936425073623923e+03
2.797599194296019505e+03
2.873203678170619696e+03
2.728163690925864557e+03
2.453399178406383214e+02
2.808972064113705983e+03
2.828845574642854899e+03
2.810861467788498885e+03
2.825519608616735241e+03
2.853319112632257657e+03
2.824337511896453634e+03
2.853249872253581998e+03
2.766782760752175363e+03
2.834246425198168708e+03
2.823029216182401342e+03
2.761482914877091844e+03
2.844775641527408425e+03
