2.783582937751768441e+03
2.801692994945335613e+03
2.635046205815543090e+03
2.675786307720512013e+03
2.722352573966016735e+03
2.697578303865357611e+03
2.886084578791203512e+02
2.955344360894067108e+02
5.175364761381483731e+02
2.725522445461906045e+03
2.705830317659866978e+03
2.753878850743742532e+03
2.755058046285967521e+03
2.732368468573180053e+03
2.734843346920930344e+03
9.754936685508682785e+02
9.203314336914683054e+02
2.759059086766716518e+03
9.180979604851394242e+02
2.789109581563347092e+03
