2.777529707847685927e+02
2.882014509150696995e+02
3.051986709002970883e+02
3.063924297541847181e+02
2.227221718503110424e+02
3.079089975167517537e+02
2.706567069921515554e+02
3.157005050603000882e+02
3.133647762878460981e+02
3.060119428946712787e+02
2.848304284485995481e+02
3.213419165313801500e+02
2.915431759753652159e+02
3.005257823232328747e+02
2.870525238451652967e+02
3.145800762957945267e+02
2.861813694047735339e+02
2.845837705298641822e+02
3.689958788762826316e+02
3.116310308806803278e+02
