5.010133350662932799e+02
4.657389367648156053e+02
5.227186421928890923e+02
5.114548226284768475e+02
5.221460007434640147e+02
5.390282779397309696e+02
5.022762431990287268e+02
4.733386225901778062e+02
5.225591476716513171e+02
5.130445798670600652e+02
5.603740376235383565e+02
4.718993258596378269e+02
5.104478654881053217e+02
5.259217221598918286e+02
5.153464799840241994e+02
5.149027365676013233e+02
5.116176052673096137e+02
5.209481203658077675e+02
4.992292675511570224e+02
4.710423694173622948e+02
