4.545311922055666969e+02
4.265191444513060901e+02
4.661613049574569345e+02
4.525948219992700388e+02
4.911283023034097255e+02
4.482233837888340418e+02
4.608748675314014349e+02
4.267915393537150521e+02
4.692580062285736631e+02
4.482383782882602077e+02
4.585458722909255016e+02
3.897472406625332724e+02
4.617897138616075381e+02
4.450845265395631714e+02
4.567444765692413284e+02
4.487978939309892894e+02
4.579926264659667368e+02
4.701260985952492319e+02
4.384013128520394957e+02
3.834738743329402269e+02
