5.594851499652133953e+02
7.946127343435857711e+02
4.071064159358587062e+02
3.032366681676505323e+03
3.243590172064343164e+02
3.032399549479149300e+03
8.329763654960397616e+02
4.748250224450633254e+02
5.181240075347718630e+02
3.814406010232423796e+02
5.872629285488301321e+02
5.254069937607398515e+02
4.305425135684334350e+02
3.047596173843598990e+03
6.645093385845809735e+02
4.059867670015497652e+02
1.080814695870626338e+03
8.235396090762781114e+02
5.764108421667509674e+02
5.364368523960935136e+02
