4.660387321103255687e+01
4.833465346236170745e+01
4.848420617344277872e+01
4.670268678470502977e+01
4.512176939155239097e+01
4.694284747564879723e+01
4.658375620752429569e+01
4.819330474111746554e+01
4.845810244510660425e+01
4.687815170584903512e+01
4.806990992551445174e+01
4.826591583312835354e+01
4.823098851898840422e+01
4.675813998663732463e+01
4.826043162508348416e+01
4.680864499331061523e+01
4.657403900034051958e+01
4.680805695062957739e+01
4.651183025793584136e+01
4.693079663449415762e+01
