5.448179413596680121e+01
5.114369875019379919e+01
4.987441666970710941e+01
4.974709744017970081e+01
4.831849996128657665e+01
5.111007076477986288e+01
4.976946917042471341e+01
5.134708111426429866e+01
5.009802343302235528e+01
5.140275999794129547e+01
5.309848004157007040e+01
4.993093808855684301e+01
4.970253469039091243e+01
5.129623997447266959e+01
5.312579482302678713e+01
5.112060098763996763e+01
5.115603751477223682e+01
5.272520912752230515e+01
4.954848900044340354e+01
5.009139427903275532e+01
