3.304072910663536732e+03
2.875660199401341288e+03
2.601583243414525896e+03
2.593010855709820589e+03
1.503367056671662567e+03
3.301593736105347489e+03
1.749509717815903969e+03
2.334482280863188862e+03
3.321561054298109866e+03
1.773711446732485001e+03
3.068194171650377939e+03
3.321630769175976639e+03
1.761622678336463878e+03
1.986635139109442662e+03
1.502958488391117271e+03
1.522003882438115625e+03
3.312343689772937978e+03
1.452002904557388774e+03
6.741626625285675800e+02
1.496012814435810697e+03
