7.698862434138926801e+03
7.119298577974596810e+03
7.921354185723673254e+03
7.423119418507801129e+03
7.209082414116268410e+03
7.562325541307596723e+03
7.845439210518308755e+03
7.661577595387311703e+03
7.478366279133098942e+03
7.867826990734284664e+03
7.524907550352832914e+03
4.258380670856826328e+03
7.332610136480953770e+03
7.108899484128290169e+03
7.487774328376760423e+03
7.677535874610327483e+03
7.632886749980780223e+03
7.852494238421020782e+03
7.496438082748208217e+03
7.378038601917076448e+03
