3.343299678151545777e+03
7.509206818653028677e+03
7.540199432644830267e+03
7.176240479361267717e+03
7.333328131348495845e+03
6.726647448612265180e+03
7.423292966341980900e+03
7.354318449573425823e+03
7.032711584605126518e+03
7.239870874504168569e+03
6.609848861824115374e+03
7.661472026483407717e+03
7.488128880361013216e+03
7.726192725551017247e+03
7.218242836207940854e+03
7.566407038151887718e+03
7.158752858069027752e+03
7.103481586695138503e+03
7.406929447901072308e+03
7.437062463256175761e+03
