6.792720288128180073e+03
7.175874663950453396e+03
7.143954243870642131e+03
7.100827058122546077e+03
6.940123385235203386e+03
6.761669019839325301e+03
7.191103336401354682e+03
7.007183018134297527e+03
6.966747245614382336e+03
6.681764112178241703e+03
6.516427720422148923e+03
7.213507939689015984e+03
6.741432983889557363e+03
6.896910361819152968e+03
6.824796323516414304e+03
7.105375854159821756e+03
3.441477399586425236e+03
6.962872354305620320e+03
7.027043406213200797e+03
6.905635615951887303e+03
