3.080893086967160798e+03
3.200841109598399271e+03
1.787088118818429621e+03
3.104877542336178067e+03
8.257744605866076881e+01
3.127843454754316099e+03
3.194324827188188465e+03
9.577953293565288959e+02
1.533322798682108441e+03
3.092544539081908169e+03
3.134812272907619445e+03
3.112936014020944640e+03
3.078278319760615432e+03
3.120075152965377129e+03
3.161685236075908506e+03
2.675044457121026880e+03
2.684289855642184193e+03
2.189030446219351688e+03
3.127947342583600857e+03
1.450365130586756550e+03
