3.002278805432191348e+03
3.071215181080071034e+03
3.116316276191704219e+03
3.033687487269982739e+03
3.019387237868298598e+03
3.039416167472003963e+03
3.065223603790806465e+03
2.004918598264294587e+03
3.060046296181553771e+03
3.079084596215585862e+03
3.038447357091878530e+03
3.042549382420378606e+03
3.005779315655787741e+03
1.025623537084125246e+03
1.583719860150772547e+03
3.049322773451424837e+03
3.063506053283671008e+03
3.002563770938717880e+03
3.058790351165507218e+03
3.061636554473928754e+03
