3.028815548891072012e+03
3.059184143718689938e+03
2.979820500139329397e+03
3.097809699229690523e+03
3.047643759323289032e+03
3.055281971514851193e+03
3.060243663306656345e+03
3.007106554444106678e+03
3.035308524476860839e+03
3.047991322670133286e+03
3.021419042556724435e+03
2.992431515151283747e+03
3.060030284208108696e+03
3.028778059036728337e+03
3.032749623536423314e+03
3.027124222066971015e+03
2.998738212586806640e+03
3.031586614555168126e+03
3.047808257623321879e+03
1.497014492287236180e+03
