3.091245938950548407e+03
1.421398807459713908e+03
1.905902720041211523e+03
3.057424822512586161e+03
3.034046776937498180e+03
3.043297192138455102e+03
3.021401382609994016e+03
3.021896293285351931e+03
1.111242121850535113e+03
3.011294647024534243e+03
3.026374772128882796e+03
9.080063251712900865e+02
2.883567051430862193e+03
3.026702766689832060e+03
3.023011634638372470e+03
1.938595917948839315e+03
1.402830887179899264e+03
2.662557167556687546e+03
2.995782836786121152e+03
2.982997968106653389e+03
